10000,573.578
1,517
2,884
3,697
4,624
5,379
6,379
7,281
8,793
9,626
10,683
11,219
12,914
13,766
14,421
15,399
16,400
17,479
18,589
19,546
20,471
21,631
22,365
23,472
24,513
25,558
26,732
27,412
28,584
29,621
30,265
31,629
32,391
33,290
34,881
35,907
36,748
37,479
38,327
39,670
40,550
41,350
42,576
43,246
44,834
45,452
46,658
47,483
48,587
49,599
50,401
51,914
52,725
53,869
54,819
55,624
56,847
57,317
58,410
59,263
60,491
61,525
62,459
63,763
64,508
65,465
66,598
67,367
68,743
69,301
70,951
71,723
72,412
73,175
74,753
75,682
76,696
77,722
78,301
79,509
80,344
81,790
82,637
83,494
84,288
85,483
86,491
87,696
88,644
89,812
90,565
91,348
92,686
93,715
94,606
95,722
96,575
97,588
98,544
99,229
100,337
101,240
102,644
103,485
104,582
105,832
106,446
107,536
108,712
109,432
110,304
111,471
112,383
113,856
114,748
115,642
116,798
117,744
118,403
119,817
120,596
121,747
122,820
123,487
124,339
125,432
126,544
127,755
128,788
129,181
130,583
131,539
132,428
133,348
134,498
135,873
136,490
137,587
138,680
139,512
140,918
141,901
142,447
143,577
144,477
145,468
146,250
147,630
148,579
149,272
150,464
151,833
152,439
153,370
154,573
155,948
156,441
157,663
158,716
159,438
160,695
161,514
162,642
163,642
164,594
165,319
166,768
167,488
168,403
169,256
170,621
171,666
172,210
173,584
174,431
175,648
176,394
177,673
178,524
179,865
180,364
181,500
182,342
183,851
184,803
185,451
186,656
187,754
188,603
189,591
190,441
191,322
192,822
193,825
194,642
195,499
196,504
197,694
198,821
199,812
200,728
201,647
202,312
203,384
204,823
205,628
206,189
207,330
208,658
209,173
210,383
211,600
212,674
213,652
214,429
215,686
216,438
217,491
218,706
219,651
220,779
221,655
222,610
223,323
224,514
225,456
226,442
227,920
228,527
229,817
230,641
231,738
232,579
233,614
234,575
235,409
236,692
237,465
238,227
239,648
240,396
241,870
242,888
243,840
244,515
245,207
246,855
247,544
248,908
249,903
250,782
251,473
252,523
253,780
254,486
255,390
256,604
257,864
258,676
259,610
260,326
261,633
262,961
263,366
264,586
265,803
266,703
267,677
268,680
269,510
270,473
271,748
272,749
273,794
274,838
275,583
276,579
277,741
278,651
279,680
280,739
281,815
282,498
283,518
284,323
285,614
286,248
287,562
288,598
289,469
290,621
291,239
292,251
293,758
294,510
295,355
296,588
297,721
298,424
299,637
300,314
301,272
302,592
303,597
304,644
305,694
306,926
307,585
308,490
309,738
310,459
311,550
312,306
313,229
314,902
315,768
316,676
317,535
318,393
319,380
320,446
321,601
322,687
323,656
324,465
325,890
326,701
327,603
328,631
329,540
330,445
331,508
332,714
333,204
334,345
335,264
336,256
337,784
338,681
339,566
340,327
341,574
342,566
343,393
344,547
345,530
346,633
347,643
348,263
349,518
350,638
351,579
352,785
353,656
354,385
355,297
356,647
357,231
358,618
359,870
360,613
361,525
362,647
363,559
364,599
365,871
366,523
367,899
368,830
369,409
370,295
371,330
372,214
373,323
374,669
375,298
376,487
377,775
378,225
379,752
380,466
381,347
382,677
383,640
384,803
385,699
386,744
387,466
388,396
389,709
390,747
391,962
392,537
393,516
394,726
395,499
396,858
397,786
398,545
399,709
400,711
401,332
402,827
403,580
404,761
405,488
406,820
407,525
408,194
409,830
410,320
411,488
412,883
413,884
414,612
415,641
416,554
417,473
418,493
419,663
420,710
421,736
422,735
423,320
424,576
425,280
426,601
427,551
428,812
429,505
430,346
431,368
432,716
433,634
434,330
435,312
436,679
437,299
438,758
439,682
440,309
441,313
442,951
443,517
444,515
445,751
446,879
447,949
448,711
449,518
450,312
451,726
452,605
453,543
454,831
455,340
456,575
457,195
458,564
459,279
460,347
461,346
462,650
463,706
464,617
465,901
466,518
467,468
468,795
469,429
470,903
471,198
472,914
473,260
474,816
475,591
476,971
477,301
478,603
479,913
480,589
481,640
482,676
483,557
484,639
485,617
486,825
487,263
488,465
489,883
490,815
491,558
492,635
493,463
494,404
495,561
496,506
497,617
498,305
499,923
500,950
501,677
502,594
503,482
504,752
505,670
506,384
507,836
508,758
509,882
510,694
511,632
512,540
513,860
514,793
515,263
516,231
517,518
518,749
519,952
520,375
521,622
522,521
523,914
524,773
525,770
526,564
527,538
528,461
529,279
530,792
531,751
532,1013
533,987
534,604
535,721
536,875
537,779
538,444
539,555
540,357
541,888
542,628
543,432
544,663
545,634
546,509
547,342
548,663
549,587
550,723
551,587
552,781
553,602
554,606
555,802
556,532
557,361
558,236
559,712
560,635
561,681
562,422
563,363
564,204
565,505
566,620
567,527
568,549
569,828
570,504
571,584
572,731
573,529
574,636
575,790
576,882
577,372
578,853
579,575
580,451
581,559
582,934
583,575
584,493
585,642
586,440
587,303
588,356
589,356
590,376
591,365
592,646
593,399
594,502
595,821
596,566
597,660
598,392
599,407
600,256
601,389
602,464
603,396
604,317
605,349
606,560
607,417
608,512
609,580
610,673
611,254
612,741
613,639
614,310
615,800
616,846
617,285
618,463
619,746
620,707
621,401
622,419
623,515
624,571
625,634
626,515
627,561
628,707
629,250
630,448
631,686
632,820
633,583
634,593
635,336
636,554
637,593
638,441
639,458
640,519
641,218
642,489
643,421
644,492
645,348
646,815
647,622
648,667
649,734
650,577
651,315
652,595
653,619
654,706
655,546
656,355
657,467
658,511
659,649
660,611
661,508
662,950
663,628
664,438
665,331
666,377
667,444
668,383
669,403
670,468
671,393
672,821
673,308
674,589
675,536
676,940
677,341
678,529
679,913
680,792
681,754
682,451
683,391
684,661
685,856
686,604
687,611
688,465
689,721
690,403
691,490
692,543
693,581
694,441
695,343
696,630
697,470
698,616
699,378
700,569
701,593
702,273
703,497
704,361
705,288
706,960
707,489
708,749
709,449
710,668
711,715
712,623
713,565
714,536
715,504
716,856
717,764
718,906
719,352
720,697
721,867
722,399
723,292
724,703
725,613
726,773
727,366
728,738
729,414
730,385
731,386
732,752
733,659
734,588
735,509
736,803
737,527
738,754
739,550
740,519
741,561
742,477
743,707
744,579
745,435
746,824
747,522
748,598
749,831
750,637
751,345
752,869
753,639
754,496
755,365
756,738
757,635
758,593
759,818
760,734
761,376
762,483
763,445
764,705
765,244
766,610
767,716
768,802
769,500
770,757
771,339
772,777
773,355
774,529
775,740
776,374
777,433
778,692
779,690
780,646
781,675
782,598
783,447
784,502
785,399
786,833
787,617
788,531
789,561
790,879
791,377
792,618
793,581
794,631
795,213
796,798
797,859
798,608
799,677
800,848
801,683
802,376
803,613
804,628
805,542
806,700
807,862
808,852
809,555
810,342
811,946
812,771
813,352
814,846
815,796
816,587
817,621
818,530
819,277
820,496
821,744
822,171
823,495
824,530
825,595
826,845
827,503
828,503
829,701
830,556
831,429
832,556
833,367
834,395
835,577
836,540
837,840
838,511
839,616
840,642
841,200
842,658
843,396
844,899
845,373
846,538
847,314
848,988
849,579
850,623
851,293
852,709
853,419
854,822
855,416
856,406
857,249
858,565
859,608
860,291
861,725
862,557
863,589
864,551
865,531
866,605
867,379
868,399
869,789
870,877
871,517
872,459
873,648
874,535
875,229
876,379
877,688
878,656
879,232
880,428
881,434
882,663
883,217
884,333
885,742
886,397
887,652
888,438
889,328
890,442
891,692
892,784
893,764
894,529
895,661
896,416
897,473
898,821
899,200
900,314
901,418
902,231
903,399
904,617
905,541
906,817
907,754
908,500
909,452
910,520
911,620
912,457
913,637
914,535
915,602
916,548
917,473
918,880
919,717
920,366
921,795
922,572
923,819
924,742
925,543
926,223
927,458
928,597
929,642
930,451
931,365
932,768
933,945
934,590
935,392
936,460
937,214
938,839
939,346
940,614
941,461
942,603
943,652
944,764
945,417
946,194
947,363
948,824
949,800
950,624
951,625
952,659
953,394
954,839
955,540
956,522
957,587
958,266
959,387
960,701
961,311
962,627
963,443
964,525
965,470
966,508
967,690
968,475
969,609
970,567
971,658
972,865
973,698
974,423
975,240
976,454
977,623
978,272
979,576
980,624
981,496
982,722
983,336
984,302
985,695
986,576
987,672
988,548
989,444
990,756
991,741
992,675
993,460
994,620
995,510
996,320
997,842
998,363
999,883
1000,553
1001,402
1002,597
1003,799
1004,698
1005,746
1006,656
1007,674
1008,779
1009,446
1010,573
1011,427
1012,954
1013,875
1014,254
1015,682
1016,851
1017,398
1018,609
1019,840
1020,245
1021,677
1022,475
1023,850
1024,916
1025,875
1026,566
1027,790
1028,775
1029,487
1030,763
1031,250
1032,623
1033,433
1034,349
1035,304
1036,676
1037,499
1038,693
1039,290
1040,485
1041,596
1042,735
1043,487
1044,638
1045,811
1046,633
1047,435
1048,227
1049,796
1050,220
1051,801
1052,591
1053,868
1054,741
1055,995
1056,505
1057,720
1058,531
1059,569
1060,639
1061,800
1062,944
1063,720
1064,539
1065,541
1066,701
1067,439
1068,339
1069,507
1070,469
1071,474
1072,435
1073,258
1074,213
1075,954
1076,544
1077,523
1078,667
1079,425
1080,883
1081,732
1082,318
1083,539
1084,804
1085,875
1086,563
1087,632
1088,388
1089,964
1090,434
1091,873
1092,651
1093,629
1094,584
1095,434
1096,395
1097,427
1098,403
1099,728
1100,505
1101,281
1102,913
1103,809
1104,854
1105,979
1106,393
1107,529
1108,714
1109,676
1110,377
1111,753
1112,429
1113,429
1114,595
1115,622
1116,615
1117,320
1118,803
1119,456
1120,357
1121,813
1122,891
1123,790
1124,749
1125,654
1126,601
1127,315
1128,535
1129,517
1130,452
1131,692
1132,576
1133,309
1134,427
1135,669
1136,303
1137,781
1138,576
1139,569
1140,621
1141,760
1142,503
1143,666
1144,608
1145,457
1146,804
1147,740
1148,655
1149,780
1150,794
1151,683
1152,769
1153,677
1154,667
1155,634
1156,710
1157,381
1158,806
1159,798
1160,236
1161,761
1162,356
1163,496
1164,704
1165,383
1166,755
1167,765
1168,581
1169,178
1170,469
1171,634
1172,937
1173,641
1174,452
1175,642
1176,596
1177,728
1178,336
1179,716
1180,597
1181,902
1182,500
1183,642
1184,859
1185,332
1186,866
1187,672
1188,293
1189,477
1190,683
1191,293
1192,616
1193,502
1194,636
1195,264
1196,798
1197,921
1198,912
1199,708
1200,357
1201,714
1202,227
1203,222
1204,490
1205,573
1206,722
1207,669
1208,553
1209,461
1210,990
1211,543
1212,556
1213,385
1214,738
1215,675
1216,427
1217,310
1218,667
1219,653
1220,461
1221,884
1222,375
1223,546
1224,874
1225,540
1226,645
1227,529
1228,461
1229,944
1230,535
1231,819
1232,433
1233,422
1234,240
1235,652
1236,514
1237,792
1238,566
1239,911
1240,402
1241,795
1242,726
1243,722
1244,775
1245,716
1246,638
1247,358
1248,242
1249,846
1250,633
1251,739
1252,570
1253,346
1254,353
1255,670
1256,545
1257,413
1258,574
1259,289
1260,616
1261,458
1262,740
1263,482
1264,557
1265,196
1266,299
1267,527
1268,569
1269,625
1270,472
1271,676
1272,788
1273,728
1274,254
1275,569
1276,334
1277,441
1278,951
1279,368
1280,578
1281,634
1282,680
1283,606
1284,190
1285,492
1286,586
1287,316
1288,505
1289,244
1290,306
1291,529
1292,360
1293,609
1294,672
1295,742
1296,413
1297,388
1298,334
1299,644
1300,682
1301,241
1302,864
1303,273
1304,597
1305,684
1306,797
1307,687
1308,743
1309,499
1310,752
1311,308
1312,819
1313,600
1314,754
1315,556
1316,647
1317,590
1318,697
1319,310
1320,284
1321,444
1322,382
1323,798
1324,426
1325,926
1326,497
1327,399
1328,735
1329,656
1330,577
1331,603
1332,690
1333,432
1334,985
1335,923
1336,651
1337,412
1338,667
1339,299
1340,239
1341,451
1342,561
1343,795
1344,694
1345,704
1346,543
1347,502
1348,516
1349,953
1350,255
1351,794
1352,615
1353,550
1354,693
1355,572
1356,799
1357,825
1358,541
1359,463
1360,621
1361,837
1362,420
1363,637
1364,641
1365,698
1366,359
1367,688
1368,834
1369,398
1370,438
1371,917
1372,399
1373,783
1374,575
1375,444
1376,797
1377,553
1378,585
1379,509
1380,622
1381,385
1382,526
1383,913
1384,451
1385,654
1386,491
1387,724
1388,358
1389,914
1390,557
1391,437
1392,300
1393,390
1394,587
1395,497
1396,763
1397,546
1398,445
1399,634
1400,682
1401,388
1402,388
1403,250
1404,700
1405,658
1406,566
1407,775
1408,746
1409,618
1410,795
1411,417
1412,341
1413,458
1414,280
1415,592
1416,865
1417,254
1418,350
1419,556
1420,862
1421,486
1422,581
1423,257
1424,373
1425,951
1426,906
1427,172
1428,885
1429,645
1430,795
1431,557
1432,585
1433,573
1434,660
1435,366
1436,238
1437,481
1438,681
1439,414
1440,664
1441,914
1442,323
1443,663
1444,552
1445,795
1446,396
1447,674
1448,770
1449,875
1450,669
1451,577
1452,634
1453,795
1454,611
1455,239
1456,858
1457,673
1458,665
1459,423
1460,656
1461,527
1462,652
1463,336
1464,655
1465,1008
1466,267
1467,928
1468,534
1469,797
1470,730
1471,609
1472,701
1473,804
1474,533
1475,492
1476,660
1477,747
1478,716
1479,740
1480,548
1481,755
1482,348
1483,598
1484,176
1485,491
1486,513
1487,529
1488,676
1489,525
1490,554
1491,438
1492,517
1493,431
1494,300
1495,627
1496,661
1497,635
1498,561
1499,520
1500,791
1501,587
1502,569
1503,230
1504,500
1505,520
1506,530
1507,615
1508,593
1509,629
1510,718
1511,751
1512,689
1513,891
1514,214
1515,409
1516,183
1517,650
1518,822
1519,442
1520,853
1521,284
1522,862
1523,505
1524,330
1525,572
1526,450
1527,468
1528,481
1529,744
1530,596
1531,483
1532,630
1533,688
1534,460
1535,537
1536,350
1537,399
1538,668
1539,399
1540,589
1541,684
1542,336
1543,609
1544,450
1545,902
1546,571
1547,746
1548,601
1549,260
1550,642
1551,885
1552,626
1553,756
1554,809
1555,432
1556,421
1557,631
1558,536
1559,771
1560,824
1561,506
1562,438
1563,728
1564,462
1565,758
1566,542
1567,660
1568,324
1569,637
1570,556
1571,619
1572,389
1573,700
1574,790
1575,424
1576,325
1577,225
1578,647
1579,629
1580,599
1581,434
1582,526
1583,622
1584,577
1585,954
1586,363
1587,676
1588,533
1589,544
1590,689
1591,674
1592,965
1593,356
1594,333
1595,693
1596,614
1597,461
1598,307
1599,314
1600,819
1601,407
1602,490
1603,431
1604,507
1605,295
1606,587
1607,293
1608,742
1609,436
1610,596
1611,805
1612,651
1613,593
1614,490
1615,495
1616,661
1617,975
1618,657
1619,605
1620,697
1621,562
1622,284
1623,607
1624,894
1625,394
1626,673
1627,413
1628,594
1629,326
1630,555
1631,712
1632,503
1633,659
1634,739
1635,854
1636,436
1637,530
1638,376
1639,969
1640,853
1641,596
1642,773
1643,588
1644,637
1645,318
1646,712
1647,355
1648,761
1649,729
1650,684
1651,249
1652,478
1653,454
1654,510
1655,316
1656,865
1657,603
1658,480
1659,529
1660,554
1661,625
1662,585
1663,845
1664,577
1665,968
1666,781
1667,418
1668,858
1669,345
1670,754
1671,521
1672,803
1673,795
1674,746
1675,735
1676,479
1677,309
1678,532
1679,393
1680,676
1681,502
1682,925
1683,646
1684,758
1685,359
1686,790
1687,848
1688,572
1689,628
1690,718
1691,394
1692,579
1693,530
1694,371
1695,514
1696,294
1697,230
1698,362
1699,903
1700,601
1701,907
1702,547
1703,483
1704,581
1705,550
1706,335
1707,646
1708,424
1709,635
1710,651
1711,376
1712,285
1713,729
1714,560
1715,281
1716,978
1717,281
1718,676
1719,943
1720,439
1721,368
1722,350
1723,478
1724,330
1725,674
1726,287
1727,582
1728,987
1729,752
1730,633
1731,480
1732,637
1733,590
1734,543
1735,358
1736,811
1737,555
1738,409
1739,514
1740,538
1741,762
1742,698
1743,721
1744,194
1745,539
1746,570
1747,216
1748,452
1749,715
1750,363
1751,594
1752,423
1753,198
1754,440
1755,926
1756,743
1757,897
1758,573
1759,339
1760,600
1761,557
1762,775
1763,327
1764,573
1765,374
1766,491
1767,701
1768,567
1769,518
1770,528
1771,559
1772,731
1773,817
1774,890
1775,733
1776,485
1777,672
1778,549
1779,449
1780,772
1781,252
1782,826
1783,560
1784,644
1785,656
1786,820
1787,644
1788,632
1789,292
1790,586
1791,374
1792,701
1793,584
1794,667
1795,258
1796,313
1797,688
1798,299
1799,298
1800,198
1801,892
1802,701
1803,506
1804,474
1805,504
1806,724
1807,657
1808,402
1809,393
1810,327
1811,656
1812,718
1813,456
1814,220
1815,310
1816,911
1817,474
1818,721
1819,638
1820,521
1821,416
1822,350
1823,633
1824,724
1825,648
1826,592
1827,258
1828,912
1829,741
1830,472
1831,934
1832,626
1833,616
1834,707
1835,750
1836,654
1837,356
1838,498
1839,855
1840,429
1841,516
1842,546
1843,550
1844,632
1845,873
1846,440
1847,350
1848,411
1849,812
1850,649
1851,468
1852,753
1853,789
1854,777
1855,844
1856,448
1857,712
1858,560
1859,773
1860,695
1861,726
1862,654
1863,396
1864,599
1865,946
1866,866
1867,260
1868,386
1869,359
1870,694
1871,755
1872,422
1873,581
1874,772
1875,698
1876,597
1877,620
1878,582
1879,475
1880,608
1881,672
1882,799
1883,644
1884,716
1885,382
1886,560
1887,189
1888,444
1889,694
1890,966
1891,328
1892,531
1893,742
1894,415
1895,603
1896,698
1897,633
1898,404
1899,507
1900,731
1901,603
1902,174
1903,716
1904,247
1905,706
1906,414
1907,895
1908,514
1909,492
1910,373
1911,480
1912,802
1913,985
1914,514
1915,554
1916,691
1917,811
1918,622
1919,526
1920,537
1921,676
1922,164
1923,635
1924,507
1925,738
1926,322
1927,619
1928,569
1929,647
1930,290
1931,615
1932,606
1933,606
1934,627
1935,665
1936,745
1937,458
1938,760
1939,577
1940,304
1941,282
1942,496
1943,731
1944,683
1945,734
1946,586
1947,550
1948,372
1949,493
1950,547
1951,317
1952,427
1953,624
1954,700
1955,998
1956,861
1957,647
1958,541
1959,644
1960,732
1961,347
1962,535
1963,771
1964,522
1965,611
1966,619
1967,401
1968,511
1969,496
1970,231
1971,227
1972,765
1973,460
1974,586
1975,476
1976,870
1977,452
1978,545
1979,799
1980,773
1981,402
1982,744
1983,559
1984,570
1985,360
1986,308
1987,695
1988,576
1989,549
1990,696
1991,718
1992,382
1993,630
1994,362
1995,709
1996,655
1997,892
1998,295
1999,280
2000,466
2001,453
2002,444
2003,831
2004,446
2005,460
2006,715
2007,555
2008,726
2009,290
2010,572
2011,244
2012,287
2013,831
2014,365
2015,593
2016,536
2017,503
2018,824
2019,222
2020,658
2021,903
2022,606
2023,865
2024,273
2025,540
2026,453
2027,697
2028,937
2029,450
2030,653
2031,411
2032,608
2033,562
2034,918
2035,629
2036,504
2037,343
2038,375
2039,430
2040,447
2041,780
2042,606
2043,589
2044,343
2045,788
2046,692
2047,293
2048,683
2049,598
2050,310
2051,559
2052,571
2053,387
2054,877
2055,780
2056,661
2057,561
2058,536
2059,651
2060,599
2061,287
2062,584
2063,746
2064,559
2065,273
2066,732
2067,413
2068,452
2069,386
2070,494
2071,713
2072,587
2073,416
2074,803
2075,805
2076,797
2077,439
2078,556
2079,946
2080,723
2081,233
2082,290
2083,562
2084,834
2085,596
2086,577
2087,334
2088,654
2089,758
2090,521
2091,725
2092,905
2093,415
2094,589
2095,469
2096,737
2097,614
2098,643
2099,740
2100,528
2101,840
2102,593
2103,381
2104,676
2105,737
2106,486
2107,785
2108,831
2109,463
2110,943
2111,367
2112,414
2113,401
2114,818
2115,653
2116,376
2117,550
2118,633
2119,312
2120,808
2121,744
2122,580
2123,909
2124,539
2125,944
2126,661
2127,643
2128,387
2129,807
2130,544
2131,384
2132,199
2133,606
2134,590
2135,690
2136,815
2137,307
2138,697
2139,403
2140,786
2141,756
2142,597
2143,684
2144,485
2145,565
2146,757
2147,559
2148,509
2149,575
2150,762
2151,496
2152,393
2153,685
2154,761
2155,330
2156,440
2157,368
2158,503
2159,555
2160,708
2161,651
2162,636
2163,506
2164,773
2165,565
2166,932
2167,642
2168,354
2169,665
2170,491
2171,671
2172,296
2173,394
2174,784
2175,431
2176,769
2177,464
2178,647
2179,675
2180,584
2181,480
2182,421
2183,244
2184,479
2185,653
2186,867
2187,797
2188,719
2189,734
2190,659
2191,453
2192,832
2193,662
2194,606
2195,340
2196,554
2197,560
2198,792
2199,599
2200,521
2201,928
2202,340
2203,542
2204,258
2205,702
2206,843
2207,465
2208,786
2209,472
2210,835
2211,711
2212,745
2213,213
2214,902
2215,694
2216,479
2217,763
2218,466
2219,799
2220,341
2221,681
2222,597
2223,325
2224,441
2225,198
2226,564
2227,477
2228,624
2229,475
2230,476
2231,704
2232,267
2233,827
2234,781
2235,660
2236,622
2237,817
2238,402
2239,307
2240,439
2241,738
2242,246
2243,617
2244,981
2245,784
2246,588
2247,288
2248,765
2249,625
2250,344
2251,323
2252,834
2253,661
2254,763
2255,804
2256,611
2257,586
2258,546
2259,486
2260,548
2261,724
2262,626
2263,817
2264,552
2265,629
2266,641
2267,621
2268,680
2269,438
2270,584
2271,333
2272,523
2273,572
2274,652
2275,883
2276,625
2277,705
2278,581
2279,642
2280,297
2281,449
2282,511
2283,566
2284,264
2285,366
2286,463
2287,917
2288,494
2289,570
2290,410
2291,631
2292,465
2293,417
2294,586
2295,175
2296,183
2297,426
2298,250
2299,337
2300,498
2301,744
2302,611
2303,584
2304,473
2305,859
2306,529
2307,316
2308,634
2309,342
2310,502
2311,581
2312,800
2313,575
2314,680
2315,970
2316,359
2317,461
2318,528
2319,541
2320,536
2321,832
2322,687
2323,629
2324,482
2325,759
2326,890
2327,757
2328,153
2329,644
2330,272
2331,451
2332,283
2333,627
2334,671
2335,343
2336,522
2337,558
2338,515
2339,349
2340,540
2341,709
2342,297
2343,308
2344,507
2345,871
2346,661
2347,666
2348,511
2349,622
2350,192
2351,644
2352,838
2353,631
2354,800
2355,693
2356,349
2357,827
2358,292
2359,593
2360,368
2361,196
2362,541
2363,474
2364,572
2365,614
2366,261
2367,351
2368,605
2369,501
2370,696
2371,652
2372,776
2373,674
2374,545
2375,663
2376,462
2377,480
2378,734
2379,553
2380,741
2381,758
2382,786
2383,842
2384,546
2385,487
2386,616
2387,516
2388,626
2389,682
2390,672
2391,517
2392,388
2393,546
2394,368
2395,815
2396,502
2397,378
2398,229
2399,649
2400,644
2401,499
2402,298
2403,535
2404,483
2405,666
2406,628
2407,512
2408,425
2409,955
2410,557
2411,672
2412,366
2413,572
2414,233
2415,581
2416,904
2417,522
2418,253
2419,240
2420,524
2421,382
2422,225
2423,712
2424,559
2425,470
2426,824
2427,345
2428,891
2429,485
2430,813
2431,627
2432,761
2433,944
2434,470
2435,899
2436,525
2437,523
2438,499
2439,597
2440,378
2441,603
2442,597
2443,716
2444,767
2445,550
2446,478
2447,452
2448,409
2449,280
2450,500
2451,459
2452,908
2453,605
2454,503
2455,616
2456,365
2457,552
2458,638
2459,573
2460,531
2461,974
2462,806
2463,637
2464,610
2465,636
2466,413
2467,528
2468,254
2469,567
2470,598
2471,432
2472,904
2473,834
2474,691
2475,593
2476,796
2477,358
2478,735
2479,353
2480,738
2481,462
2482,803
2483,874
2484,373
2485,561
2486,937
2487,571
2488,791
2489,620
2490,518
2491,468
2492,415
2493,716
2494,524
2495,583
2496,575
2497,614
2498,793
2499,936
2500,534
2501,762
2502,718
2503,612
2504,891
2505,413
2506,338
2507,783
2508,550
2509,777
2510,818
2511,287
2512,808
2513,554
2514,583
2515,639
2516,853
2517,216
2518,568
2519,671
2520,692
2521,674
2522,361
2523,476
2524,509
2525,745
2526,464
2527,420
2528,894
2529,187
2530,994
2531,665
2532,763
2533,473
2534,204
2535,701
2536,767
2537,703
2538,368
2539,711
2540,721
2541,655
2542,719
2543,776
2544,632
2545,317
2546,572
2547,305
2548,534
2549,534
2550,291
2551,504
2552,340
2553,748
2554,879
2555,299
2556,890
2557,588
2558,476
2559,304
2560,578
2561,738
2562,683
2563,270
2564,300
2565,532
2566,474
2567,435
2568,465
2569,744
2570,856
2571,533
2572,830
2573,489
2574,567
2575,430
2576,646
2577,932
2578,627
2579,509
2580,650
2581,351
2582,813
2583,579
2584,555
2585,618
2586,638
2587,298
2588,669
2589,441
2590,687
2591,758
2592,745
2593,602
2594,587
2595,368
2596,725
2597,459
2598,577
2599,467
2600,361
2601,640
2602,276
2603,708
2604,487
2605,135
2606,583
2607,265
2608,462
2609,683
2610,287
2611,771
2612,167
2613,444
2614,703
2615,486
2616,331
2617,510
2618,459
2619,774
2620,484
2621,734
2622,816
2623,547
2624,834
2625,519
2626,904
2627,318
2628,671
2629,575
2630,524
2631,642
2632,681
2633,170
2634,388
2635,686
2636,660
2637,907
2638,716
2639,884
2640,680
2641,475
2642,334
2643,729
2644,648
2645,267
2646,510
2647,893
2648,578
2649,547
2650,559
2651,419
2652,514
2653,515
2654,273
2655,720
2656,539
2657,758
2658,780
2659,421
2660,655
2661,565
2662,805
2663,423
2664,666
2665,629
2666,474
2667,363
2668,652
2669,701
2670,485
2671,648
2672,528
2673,686
2674,412
2675,815
2676,469
2677,514
2678,281
2679,340
2680,585
2681,457
2682,768
2683,205
2684,520
2685,498
2686,216
2687,352
2688,537
2689,575
2690,533
2691,592
2692,623
2693,191
2694,562
2695,903
2696,587
2697,666
2698,483
2699,724
2700,723
2701,588
2702,926
2703,353
2704,210
2705,722
2706,747
2707,348
2708,456
2709,212
2710,473
2711,723
2712,586
2713,503
2714,516
2715,151
2716,476
2717,649
2718,922
2719,777
2720,225
2721,823
2722,730
2723,728
2724,559
2725,530
2726,478
2727,291
2728,432
2729,444
2730,571
2731,707
2732,566
2733,281
2734,894
2735,873
2736,732
2737,965
2738,598
2739,902
2740,303
2741,513
2742,430
2743,409
2744,367
2745,636
2746,729
2747,614
2748,372
2749,750
2750,643
2751,525
2752,664
2753,452
2754,502
2755,843
2756,471
2757,564
2758,815
2759,683
2760,286
2761,372
2762,184
2763,641
2764,554
2765,361
2766,894
2767,592
2768,441
2769,578
2770,667
2771,303
2772,461
2773,747
2774,560
2775,599
2776,547
2777,261
2778,387
2779,553
2780,419
2781,270
2782,774
2783,937
2784,737
2785,783
2786,441
2787,899
2788,410
2789,885
2790,978
2791,685
2792,937
2793,610
2794,452
2795,549
2796,622
2797,300
2798,636
2799,937
2800,405
2801,737
2802,832
2803,874
2804,898
2805,588
2806,929
2807,713
2808,384
2809,568
2810,689
2811,444
2812,646
2813,660
2814,385
2815,608
2816,722
2817,578
2818,198
2819,188
2820,508
2821,852
2822,432
2823,643
2824,428
2825,489
2826,778
2827,696
2828,324
2829,545
2830,236
2831,569
2832,658
2833,347
2834,470
2835,529
2836,845
2837,972
2838,263
2839,716
2840,516
2841,527
2842,711
2843,844
2844,884
2845,614
2846,508
2847,733
2848,447
2849,608
2850,509
2851,654
2852,440
2853,406
2854,843
2855,331
2856,581
2857,427
2858,253
2859,248
2860,394
2861,794
2862,466
2863,883
2864,616
2865,549
2866,615
2867,586
2868,714
2869,466
2870,506
2871,819
2872,878
2873,817
2874,540
2875,728
2876,567
2877,577
2878,416
2879,621
2880,402
2881,494
2882,784
2883,417
2884,297
2885,295
2886,870
2887,581
2888,535
2889,750
2890,768
2891,495
2892,675
2893,722
2894,653
2895,376
2896,802
2897,596
2898,466
2899,543
2900,251
2901,355
2902,718
2903,130
2904,539
2905,588
2906,276
2907,920
2908,431
2909,479
2910,479
2911,433
2912,152
2913,696
2914,909
2915,429
2916,658
2917,703
2918,778
2919,542
2920,478
2921,491
2922,686
2923,754
2924,399
2925,516
2926,826
2927,747
2928,946
2929,711
2930,527
2931,620
2932,657
2933,306
2934,598
2935,684
2936,388
2937,728
2938,617
2939,886
2940,259
2941,456
2942,626
2943,475
2944,687
2945,714
2946,332
2947,584
2948,582
2949,515
2950,860
2951,762
2952,677
2953,687
2954,560
2955,846
2956,675
2957,696
2958,789
2959,461
2960,747
2961,409
2962,502
2963,497
2964,931
2965,785
2966,679
2967,694
2968,607
2969,879
2970,576
2971,521
2972,385
2973,732
2974,699
2975,523
2976,229
2977,771
2978,196
2979,681
2980,915
2981,549
2982,436
2983,681
2984,754
2985,599
2986,909
2987,272
2988,580
2989,689
2990,790
2991,397
2992,742
2993,602
2994,529
2995,359
2996,792
2997,380
2998,482
2999,471
3000,798
3001,663
3002,739
3003,446
3004,638
3005,611
3006,766
3007,830
3008,198
3009,664
3010,273
3011,600
3012,469
3013,480
3014,506
3015,636
3016,496
3017,698
3018,533
3019,294
3020,731
3021,468
3022,547
3023,670
3024,495
3025,279
3026,517
3027,875
3028,646
3029,662
3030,642
3031,412
3032,540
3033,709
3034,330
3035,463
3036,462
3037,546
3038,935
3039,293
3040,587
3041,397
3042,916
3043,342
3044,532
3045,701
3046,681
3047,542
3048,503
3049,529
3050,455
3051,416
3052,570
3053,458
3054,469
3055,654
3056,912
3057,627
3058,304
3059,303
3060,885
3061,475
3062,321
3063,625
3064,637
3065,650
3066,457
3067,206
3068,906
3069,447
3070,665
3071,682
3072,630
3073,484
3074,459
3075,624
3076,793
3077,878
3078,335
3079,378
3080,875
3081,700
3082,808
3083,414
3084,619
3085,679
3086,667
3087,535
3088,207
3089,617
3090,448
3091,555
3092,894
3093,530
3094,771
3095,404
3096,663
3097,928
3098,331
3099,186
3100,547
3101,321
3102,708
3103,839
3104,547
3105,452
3106,547
3107,692
3108,188
3109,620
3110,632
3111,644
3112,441
3113,687
3114,320
3115,412
3116,803
3117,702
3118,202
3119,445
3120,423
3121,459
3122,445
3123,287
3124,559
3125,698
3126,628
3127,663
3128,309
3129,885
3130,770
3131,745
3132,758
3133,860
3134,598
3135,413
3136,634
3137,704
3138,701
3139,588
3140,294
3141,516
3142,846
3143,617
3144,596
3145,458
3146,514
3147,820
3148,660
3149,733
3150,557
3151,640
3152,445
3153,682
3154,544
3155,551
3156,650
3157,864
3158,289
3159,760
3160,472
3161,552
3162,222
3163,477
3164,579
3165,279
3166,574
3167,853
3168,334
3169,718
3170,535
3171,654
3172,453
3173,382
3174,383
3175,297
3176,402
3177,658
3178,807
3179,752
3180,670
3181,339
3182,470
3183,482
3184,446
3185,585
3186,594
3187,508
3188,507
3189,763
3190,734
3191,481
3192,839
3193,887
3194,492
3195,507
3196,581
3197,871
3198,802
3199,332
3200,527
3201,603
3202,579
3203,408
3204,787
3205,665
3206,770
3207,787
3208,708
3209,550
3210,630
3211,383
3212,664
3213,397
3214,675
3215,433
3216,346
3217,387
3218,156
3219,689
3220,698
3221,585
3222,383
3223,312
3224,216
3225,387
3226,815
3227,441
3228,507
3229,334
3230,428
3231,587
3232,629
3233,443
3234,281
3235,526
3236,436
3237,426
3238,897
3239,633
3240,604
3241,538
3242,545
3243,597
3244,676
3245,680
3246,392
3247,578
3248,536
3249,797
3250,641
3251,593
3252,344
3253,628
3254,346
3255,498
3256,368
3257,674
3258,417
3259,526
3260,820
3261,416
3262,582
3263,540
3264,213
3265,737
3266,295
3267,566
3268,606
3269,640
3270,672
3271,448
3272,191
3273,692
3274,594
3275,769
3276,757
3277,774
3278,571
3279,496
3280,736
3281,556
3282,400
3283,784
3284,808
3285,563
3286,303
3287,524
3288,744
3289,826
3290,415
3291,292
3292,803
3293,525
3294,597
3295,911
3296,292
3297,650
3298,301
3299,518
3300,744
3301,547
3302,990
3303,605
3304,489
3305,426
3306,505
3307,516
3308,295
3309,515
3310,562
3311,692
3312,654
3313,684
3314,186
3315,425
3316,657
3317,571
3318,174
3319,745
3320,723
3321,600
3322,292
3323,719
3324,617
3325,729
3326,710
3327,744
3328,586
3329,366
3330,662
3331,635
3332,704
3333,390
3334,409
3335,815
3336,709
3337,833
3338,714
3339,624
3340,653
3341,814
3342,615
3343,642
3344,380
3345,566
3346,688
3347,459
3348,414
3349,484
3350,441
3351,423
3352,543
3353,832
3354,581
3355,404
3356,304
3357,676
3358,522
3359,758
3360,656
3361,739
3362,460
3363,674
3364,455
3365,868
3366,644
3367,490
3368,458
3369,406
3370,675
3371,426
3372,623
3373,455
3374,657
3375,753
3376,727
3377,715
3378,404
3379,317
3380,678
3381,514
3382,546
3383,240
3384,452
3385,244
3386,805
3387,442
3388,604
3389,253
3390,660
3391,490
3392,822
3393,813
3394,491
3395,825
3396,984
3397,760
3398,775
3399,445
3400,614
3401,293
3402,324
3403,1003
3404,492
3405,707
3406,747
3407,786
3408,993
3409,441
3410,255
3411,536
3412,357
3413,223
3414,510
3415,731
3416,609
3417,484
3418,653
3419,434
3420,204
3421,718
3422,637
3423,716
3424,253
3425,769
3426,635
3427,607
3428,638
3429,792
3430,619
3431,616
3432,963
3433,713
3434,551
3435,683
3436,525
3437,432
3438,624
3439,855
3440,856
3441,500
3442,591
3443,421
3444,982
3445,937
3446,651
3447,745
3448,687
3449,622
3450,275
3451,557
3452,664
3453,666
3454,517
3455,871
3456,388
3457,578
3458,673
3459,677
3460,650
3461,462
3462,379
3463,643
3464,625
3465,397
3466,681
3467,557
3468,660
3469,769
3470,390
3471,216
3472,727
3473,630
3474,678
3475,770
3476,744
3477,899
3478,594
3479,573
3480,531
3481,377
3482,612
3483,463
3484,847
3485,617
3486,622
3487,507
3488,273
3489,241
3490,542
3491,313
3492,629
3493,806
3494,808
3495,656
3496,420
3497,790
3498,811
3499,410
3500,701
3501,469
3502,744
3503,990
3504,238
3505,822
3506,637
3507,921
3508,562
3509,777
3510,287
3511,496
3512,292
3513,925
3514,754
3515,782
3516,867
3517,313
3518,523
3519,297
3520,420
3521,433
3522,564
3523,458
3524,330
3525,388
3526,372
3527,920
3528,714
3529,910
3530,550
3531,464
3532,741
3533,491
3534,476
3535,435
3536,357
3537,450
3538,507
3539,664
3540,287
3541,420
3542,748
3543,372
3544,500
3545,792
3546,378
3547,311
3548,571
3549,478
3550,607
3551,744
3552,363
3553,616
3554,581
3555,369
3556,637
3557,461
3558,573
3559,310
3560,559
3561,480
3562,758
3563,280
3564,540
3565,559
3566,693
3567,613
3568,660
3569,726
3570,790
3571,484
3572,595
3573,772
3574,959
3575,814
3576,516
3577,409
3578,573
3579,703
3580,575
3581,570
3582,770
3583,511
3584,788
3585,534
3586,493
3587,557
3588,716
3589,354
3590,410
3591,885
3592,394
3593,609
3594,615
3595,573
3596,648
3597,433
3598,602
3599,516
3600,657
3601,367
3602,611
3603,402
3604,464
3605,426
3606,400
3607,761
3608,468
3609,853
3610,914
3611,611
3612,368
3613,517
3614,740
3615,514
3616,315
3617,604
3618,776
3619,739
3620,394
3621,663
3622,427
3623,425
3624,800
3625,446
3626,454
3627,144
3628,797
3629,737
3630,639
3631,709
3632,376
3633,559
3634,505
3635,323
3636,572
3637,846
3638,255
3639,472
3640,418
3641,438
3642,833
3643,563
3644,563
3645,715
3646,378
3647,572
3648,545
3649,624
3650,1010
3651,721
3652,529
3653,762
3654,391
3655,239
3656,416
3657,499
3658,583
3659,633
3660,835
3661,583
3662,579
3663,270
3664,247
3665,601
3666,549
3667,771
3668,383
3669,228
3670,554
3671,438
3672,269
3673,693
3674,340
3675,629
3676,465
3677,393
3678,520
3679,743
3680,527
3681,709
3682,353
3683,723
3684,438
3685,666
3686,608
3687,856
3688,524
3689,291
3690,216
3691,761
3692,589
3693,725
3694,436
3695,502
3696,238
3697,900
3698,660
3699,861
3700,456
3701,631
3702,666
3703,487
3704,778
3705,879
3706,810
3707,702
3708,463
3709,466
3710,903
3711,192
3712,688
3713,682
3714,637
3715,961
3716,483
3717,499
3718,307
3719,552
3720,453
3721,501
3722,767
3723,864
3724,402
3725,516
3726,855
3727,286
3728,321
3729,385
3730,623
3731,375
3732,911
3733,553
3734,579
3735,444
3736,565
3737,657
3738,709
3739,711
3740,614
3741,829
3742,754
3743,713
3744,278
3745,180
3746,421
3747,658
3748,536
3749,532
3750,810
3751,820
3752,834
3753,484
3754,673
3755,460
3756,406
3757,401
3758,500
3759,545
3760,765
3761,348
3762,699
3763,592
3764,469
3765,575
3766,476
3767,623
3768,547
3769,386
3770,345
3771,599
3772,827
3773,501
3774,698
3775,655
3776,859
3777,757
3778,609
3779,655
3780,823
3781,530
3782,492
3783,194
3784,761
3785,742
3786,333
3787,614
3788,562
3789,347
3790,936
3791,423
3792,293
3793,623
3794,702
3795,242
3796,656
3797,593
3798,332
3799,392
3800,609
3801,474
3802,867
3803,755
3804,943
3805,452
3806,914
3807,546
3808,503
3809,270
3810,274
3811,674
3812,559
3813,431
3814,632
3815,448
3816,614
3817,509
3818,759
3819,757
3820,568
3821,505
3822,511
3823,746
3824,493
3825,419
3826,313
3827,563
3828,570
3829,772
3830,427
3831,521
3832,748
3833,759
3834,523
3835,559
3836,478
3837,860
3838,347
3839,861
3840,669
3841,592
3842,243
3843,567
3844,534
3845,383
3846,654
3847,917
3848,607
3849,687
3850,294
3851,539
3852,345
3853,632
3854,867
3855,657
3856,304
3857,507
3858,601
3859,532
3860,767
3861,752
3862,631
3863,517
3864,449
3865,335
3866,507
3867,537
3868,665
3869,655
3870,296
3871,528
3872,399
3873,380
3874,762
3875,258
3876,540
3877,389
3878,805
3879,604
3880,434
3881,579
3882,697
3883,895
3884,427
3885,811
3886,862
3887,841
3888,643
3889,640
3890,532
3891,710
3892,592
3893,666
3894,545
3895,697
3896,760
3897,371
3898,766
3899,596
3900,775
3901,546
3902,520
3903,840
3904,447
3905,775
3906,571
3907,584
3908,481
3909,612
3910,491
3911,254
3912,460
3913,178
3914,931
3915,907
3916,528
3917,695
3918,502
3919,662
3920,746
3921,878
3922,531
3923,730
3924,456
3925,962
3926,230
3927,627
3928,656
3929,672
3930,349
3931,867
3932,399
3933,637
3934,428
3935,481
3936,599
3937,539
3938,383
3939,391
3940,540
3941,713
3942,822
3943,312
3944,527
3945,329
3946,210
3947,657
3948,626
3949,385
3950,436
3951,226
3952,768
3953,923
3954,362
3955,434
3956,795
3957,853
3958,540
3959,271
3960,254
3961,612
3962,527
3963,235
3964,617
3965,195
3966,733
3967,480
3968,255
3969,619
3970,529
3971,922
3972,598
3973,462
3974,684
3975,460
3976,829
3977,518
3978,601
3979,271
3980,543
3981,766
3982,746
3983,429
3984,430
3985,754
3986,857
3987,324
3988,555
3989,498
3990,797
3991,312
3992,420
3993,710
3994,272
3995,575
3996,551
3997,496
3998,528
3999,592
4000,383
4001,611
4002,746
4003,715
4004,377
4005,374
4006,457
4007,510
4008,535
4009,667
4010,279
4011,246
4012,526
4013,677
4014,408
4015,646
4016,452
4017,811
4018,820
4019,475
4020,433
4021,536
4022,440
4023,663
4024,761
4025,663
4026,760
4027,529
4028,379
4029,701
4030,510
4031,662
4032,459
4033,309
4034,969
4035,379
4036,956
4037,929
4038,737
4039,656
4040,614
4041,793
4042,470
4043,563
4044,635
4045,536
4046,544
4047,494
4048,608
4049,780
4050,414
4051,862
4052,672
4053,759
4054,604
4055,728
4056,209
4057,755
4058,255
4059,815
4060,967
4061,473
4062,420
4063,718
4064,448
4065,793
4066,332
4067,354
4068,933
4069,664
4070,777
4071,490
4072,665
4073,622
4074,627
4075,669
4076,613
4077,545
4078,462
4079,720
4080,431
4081,674
4082,435
4083,638
4084,707
4085,426
4086,284
4087,358
4088,628
4089,779
4090,263
4091,699
4092,500
4093,568
4094,855
4095,495
4096,562
4097,202
4098,310
4099,452
4100,234
4101,641
4102,544
4103,600
4104,394
4105,474
4106,658
4107,906
4108,271
4109,815
4110,614
4111,608
4112,578
4113,295
4114,319
4115,626
4116,500
4117,842
4118,534
4119,369
4120,687
4121,473
4122,590
4123,677
4124,825
4125,736
4126,665
4127,667
4128,877
4129,474
4130,149
4131,460
4132,425
4133,657
4134,642
4135,622
4136,209
4137,695
4138,490
4139,659
4140,604
4141,501
4142,361
4143,323
4144,765
4145,844
4146,651
4147,332
4148,532
4149,696
4150,728
4151,347
4152,131
4153,686
4154,508
4155,449
4156,200
4157,596
4158,780
4159,894
4160,608
4161,585
4162,313
4163,600
4164,520
4165,629
4166,525
4167,440
4168,324
4169,485
4170,326
4171,396
4172,953
4173,552
4174,593
4175,800
4176,982
4177,617
4178,751
4179,492
4180,480
4181,532
4182,663
4183,668
4184,485
4185,360
4186,642
4187,356
4188,615
4189,675
4190,679
4191,711
4192,799
4193,578
4194,696
4195,635
4196,403
4197,230
4198,467
4199,552
4200,634
4201,780
4202,410
4203,353
4204,903
4205,337
4206,568
4207,618
4208,597
4209,314
4210,280
4211,334
4212,618
4213,598
4214,436
4215,644
4216,756
4217,257
4218,577
4219,672
4220,448
4221,481
4222,632
4223,822
4224,749
4225,617
4226,696
4227,512
4228,646
4229,563
4230,405
4231,679
4232,604
4233,509
4234,836
4235,220
4236,486
4237,279
4238,719
4239,680
4240,494
4241,665
4242,528
4243,713
4244,557
4245,537
4246,863
4247,447
4248,349
4249,617
4250,913
4251,519
4252,286
4253,499
4254,581
4255,384
4256,655
4257,994
4258,556
4259,507
4260,531
4261,344
4262,808
4263,538
4264,524
4265,656
4266,551
4267,650
4268,285
4269,752
4270,870
4271,650
4272,889
4273,375
4274,568
4275,626
4276,616
4277,531
4278,498
4279,354
4280,526
4281,384
4282,699
4283,419
4284,282
4285,602
4286,623
4287,798
4288,614
4289,502
4290,744
4291,596
4292,307
4293,608
4294,832
4295,529
4296,474
4297,369
4298,375
4299,547
4300,623
4301,308
4302,869
4303,712
4304,619
4305,763
4306,308
4307,568
4308,640
4309,763
4310,730
4311,463
4312,870
4313,352
4314,801
4315,916
4316,396
4317,691
4318,255
4319,533
4320,585
4321,616
4322,864
4323,663
4324,570
4325,749
4326,883
4327,222
4328,940
4329,315
4330,752
4331,465
4332,359
4333,550
4334,648
4335,521
4336,276
4337,625
4338,827
4339,522
4340,424
4341,551
4342,268
4343,757
4344,761
4345,619
4346,506
4347,742
4348,603
4349,761
4350,641
4351,731
4352,624
4353,538
4354,894
4355,597
4356,628
4357,427
4358,638
4359,611
4360,401
4361,283
4362,627
4363,717
4364,589
4365,431
4366,660
4367,308
4368,551
4369,385
4370,401
4371,414
4372,524
4373,272
4374,529
4375,583
4376,570
4377,522
4378,771
4379,370
4380,581
4381,286
4382,297
4383,612
4384,609
4385,804
4386,605
4387,897
4388,268
4389,327
4390,261
4391,402
4392,597
4393,648
4394,264
4395,877
4396,773
4397,475
4398,305
4399,390
4400,355
4401,351
4402,586
4403,443
4404,509
4405,959
4406,670
4407,881
4408,368
4409,521
4410,603
4411,304
4412,169
4413,662
4414,647
4415,536
4416,573
4417,538
4418,226
4419,497
4420,396
4421,327
4422,892
4423,625
4424,695
4425,485
4426,527
4427,438
4428,326
4429,397
4430,740
4431,666
4432,600
4433,567
4434,848
4435,299
4436,465
4437,504
4438,730
4439,969
4440,440
4441,800
4442,764
4443,430
4444,530
4445,535
4446,931
4447,399
4448,741
4449,496
4450,697
4451,540
4452,614
4453,766
4454,745
4455,793
4456,283
4457,674
4458,366
4459,538
4460,600
4461,532
4462,587
4463,986
4464,362
4465,665
4466,528
4467,360
4468,381
4469,882
4470,805
4471,831
4472,966
4473,418
4474,507
4475,661
4476,571
4477,540
4478,509
4479,622
4480,613
4481,384
4482,565
4483,603
4484,611
4485,420
4486,704
4487,229
4488,507
4489,728
4490,608
4491,453
4492,676
4493,609
4494,739
4495,699
4496,630
4497,573
4498,360
4499,453
4500,540
4501,625
4502,584
4503,470
4504,179
4505,576
4506,468
4507,699
4508,226
4509,618
4510,871
4511,394
4512,565
4513,320
4514,638
4515,601
4516,534
4517,588
4518,821
4519,410
4520,223
4521,789
4522,614
4523,815
4524,624
4525,749
4526,545
4527,708
4528,838
4529,611
4530,398
4531,458
4532,412
4533,444
4534,480
4535,603
4536,619
4537,544
4538,633
4539,309
4540,316
4541,392
4542,586
4543,422
4544,467
4545,531
4546,750
4547,203
4548,651
4549,661
4550,741
4551,860
4552,218
4553,377
4554,811
4555,559
4556,608
4557,658
4558,667
4559,859
4560,989
4561,690
4562,469
4563,805
4564,269
4565,434
4566,822
4567,450
4568,427
4569,364
4570,787
4571,578
4572,664
4573,439
4574,714
4575,715
4576,484
4577,536
4578,419
4579,927
4580,649
4581,862
4582,478
4583,729
4584,719
4585,674
4586,907
4587,527
4588,358
4589,663
4590,696
4591,613
4592,417
4593,580
4594,484
4595,544
4596,648
4597,706
4598,435
4599,533
4600,458
4601,411
4602,730
4603,834
4604,515
4605,709
4606,821
4607,776
4608,400
4609,892
4610,519
4611,499
4612,287
4613,572
4614,338
4615,445
4616,486
4617,748
4618,801
4619,478
4620,787
4621,785
4622,718
4623,372
4624,673
4625,876
4626,669
4627,494
4628,578
4629,649
4630,583
4631,348
4632,483
4633,743
4634,789
4635,364
4636,886
4637,493
4638,657
4639,710
4640,750
4641,877
4642,484
4643,787
4644,359
4645,681
4646,704
4647,666
4648,448
4649,799
4650,389
4651,275
4652,689
4653,567
4654,779
4655,522
4656,389
4657,769
4658,600
4659,405
4660,690
4661,583
4662,627
4663,560
4664,763
4665,763
4666,684
4667,334
4668,771
4669,662
4670,677
4671,511
4672,805
4673,693
4674,341
4675,534
4676,811
4677,266
4678,900
4679,667
4680,641
4681,459
4682,445
4683,872
4684,476
4685,725
4686,527
4687,365
4688,193
4689,598
4690,925
4691,515
4692,508
4693,501
4694,587
4695,550
4696,805
4697,581
4698,582
4699,365
4700,941
4701,446
4702,300
4703,658
4704,623
4705,538
4706,542
4707,731
4708,409
4709,756
4710,650
4711,540
4712,559
4713,450
4714,710
4715,584
4716,488
4717,623
4718,982
4719,548
4720,846
4721,502
4722,277
4723,415
4724,540
4725,426
4726,137
4727,840
4728,775
4729,704
4730,389
4731,349
4732,293
4733,693
4734,855
4735,546
4736,347
4737,584
4738,504
4739,518
4740,636
4741,689
4742,339
4743,248
4744,976
4745,435
4746,275
4747,405
4748,253
4749,526
4750,743
4751,500
4752,552
4753,665
4754,582
4755,789
4756,793
4757,191
4758,727
4759,560
4760,957
4761,570
4762,951
4763,711
4764,445
4765,596
4766,968
4767,786
4768,326
4769,682
4770,502
4771,181
4772,532
4773,436
4774,755
4775,498
4776,762
4777,143
4778,481
4779,440
4780,435
4781,294
4782,403
4783,604
4784,471
4785,539
4786,519
4787,802
4788,830
4789,575
4790,494
4791,336
4792,888
4793,284
4794,475
4795,475
4796,488
4797,386
4798,730
4799,351
4800,643
4801,352
4802,297
4803,834
4804,405
4805,757
4806,598
4807,305
4808,891
4809,444
4810,788
4811,389
4812,783
4813,201
4814,583
4815,721
4816,863
4817,834
4818,756
4819,813
4820,412
4821,467
4822,470
4823,519
4824,527
4825,598
4826,382
4827,673
4828,388
4829,482
4830,580
4831,739
4832,702
4833,648
4834,379
4835,600
4836,316
4837,519
4838,537
4839,255
4840,461
4841,891
4842,888
4843,506
4844,260
4845,397
4846,527
4847,880
4848,367
4849,717
4850,338
4851,937
4852,521
4853,725
4854,500
4855,639
4856,407
4857,371
4858,867
4859,843
4860,812
4861,638
4862,748
4863,295
4864,496
4865,484
4866,643
4867,508
4868,373
4869,623
4870,752
4871,521
4872,359
4873,410
4874,438
4875,476
4876,647
4877,626
4878,676
4879,511
4880,759
4881,415
4882,564
4883,742
4884,398
4885,339
4886,809
4887,501
4888,669
4889,229
4890,673
4891,486
4892,278
4893,630
4894,440
4895,524
4896,308
4897,372
4898,475
4899,318
4900,835
4901,177
4902,571
4903,351
4904,481
4905,852
4906,384
4907,907
4908,417
4909,703
4910,599
4911,809
4912,603
4913,594
4914,409
4915,387
4916,841
4917,492
4918,516
4919,715
4920,498
4921,886
4922,701
4923,624
4924,806
4925,269
4926,451
4927,562
4928,431
4929,705
4930,844
4931,542
4932,500
4933,900
4934,553
4935,573
4936,505
4937,834
4938,610
4939,716
4940,750
4941,500
4942,547
4943,778
4944,512
4945,738
4946,870
4947,637
4948,703
4949,745
4950,776
4951,528
4952,272
4953,531
4954,664
4955,555
4956,708
4957,508
4958,643
4959,403
4960,708
4961,599
4962,415
4963,472
4964,708
4965,570
4966,424
4967,910
4968,687
4969,893
4970,544
4971,567
4972,822
4973,589
4974,683
4975,447
4976,553
4977,351
4978,417
4979,147
4980,254
4981,929
4982,441
4983,658
4984,771
4985,601
4986,377
4987,695
4988,625
4989,697
4990,721
4991,925
4992,612
4993,500
4994,650
4995,294
4996,822
4997,348
4998,492
4999,753
5000,624
5001,527
5002,566
5003,783
5004,499
5005,796
5006,317
5007,726
5008,778
5009,399
5010,546
5011,387
5012,682
5013,594
5014,643
5015,410
5016,421
5017,257
5018,489
5019,606
5020,786
5021,660
5022,548
5023,887
5024,690
5025,857
5026,591
5027,452
5028,274
5029,694
5030,349
5031,478
5032,593
5033,608
5034,625
5035,387
5036,520
5037,634
5038,914
5039,695
5040,848
5041,716
5042,621
5043,407
5044,660
5045,637
5046,626
5047,573
5048,591
5049,496
5050,587
5051,411
5052,745
5053,402
5054,313
5055,548
5056,655
5057,549
5058,463
5059,605
5060,503
5061,860
5062,848
5063,579
5064,492
5065,701
5066,250
5067,567
5068,497
5069,846
5070,197
5071,602
5072,703
5073,571
5074,314
5075,919
5076,586
5077,632
5078,437
5079,571
5080,545
5081,302
5082,335
5083,770
5084,440
5085,409
5086,580
5087,721
5088,286
5089,614
5090,348
5091,249
5092,274
5093,767
5094,346
5095,263
5096,549
5097,775
5098,454
5099,541
5100,255
5101,555
5102,614
5103,611
5104,495
5105,485
5106,336
5107,513
5108,328
5109,719
5110,908
5111,915
5112,792
5113,626
5114,679
5115,468
5116,641
5117,558
5118,570
5119,713
5120,466
5121,487
5122,851
5123,279
5124,572
5125,837
5126,630
5127,599
5128,446
5129,501
5130,781
5131,605
5132,585
5133,329
5134,208
5135,903
5136,519
5137,627
5138,307
5139,669
5140,860
5141,613
5142,354
5143,616
5144,719
5145,534
5146,805
5147,650
5148,824
5149,637
5150,358
5151,482
5152,414
5153,833
5154,715
5155,665
5156,477
5157,401
5158,713
5159,566
5160,430
5161,633
5162,255
5163,491
5164,564
5165,373
5166,945
5167,419
5168,358
5169,415
5170,721
5171,543
5172,608
5173,220
5174,246
5175,553
5176,754
5177,810
5178,315
5179,596
5180,838
5181,524
5182,763
5183,360
5184,863
5185,709
5186,871
5187,665
5188,512
5189,867
5190,462
5191,495
5192,679
5193,718
5194,856
5195,416
5196,740
5197,701
5198,288
5199,524
5200,466
5201,479
5202,941
5203,647
5204,689
5205,927
5206,519
5207,743
5208,548
5209,796
5210,398
5211,879
5212,426
5213,491
5214,712
5215,527
5216,629
5217,552
5218,704
5219,432
5220,282
5221,476
5222,566
5223,389
5224,507
5225,530
5226,280
5227,617
5228,809
5229,376
5230,624
5231,659
5232,540
5233,679
5234,536
5235,580
5236,182
5237,674
5238,657
5239,252
5240,514
5241,932
5242,541
5243,579
5244,834
5245,689
5246,616
5247,740
5248,792
5249,558
5250,567
5251,523
5252,909
5253,677
5254,311
5255,790
5256,569
5257,295
5258,601
5259,539
5260,803
5261,415
5262,761
5263,605
5264,276
5265,918
5266,584
5267,471
5268,564
5269,786
5270,479
5271,407
5272,356
5273,475
5274,728
5275,565
5276,431
5277,387
5278,495
5279,869
5280,501
5281,955
5282,571
5283,397
5284,816
5285,560
5286,684
5287,943
5288,270
5289,326
5290,690
5291,466
5292,401
5293,254
5294,222
5295,724
5296,361
5297,563
5298,628
5299,545
5300,232
5301,730
5302,193
5303,716
5304,818
5305,547
5306,594
5307,568
5308,525
5309,812
5310,818
5311,497
5312,633
5313,853
5314,901
5315,582
5316,556
5317,464
5318,896
5319,368
5320,615
5321,466
5322,464
5323,533
5324,1002
5325,277
5326,615
5327,311
5328,378
5329,550
5330,583
5331,452
5332,486
5333,315
5334,478
5335,908
5336,875
5337,496
5338,611
5339,834
5340,178
5341,749
5342,880
5343,320
5344,384
5345,899
5346,595
5347,203
5348,451
5349,555
5350,674
5351,698
5352,981
5353,469
5354,595
5355,593
5356,533
5357,390
5358,929
5359,782
5360,577
5361,627
5362,431
5363,598
5364,676
5365,585
5366,961
5367,631
5368,516
5369,723
5370,391
5371,523
5372,503
5373,546
5374,729
5375,571
5376,738
5377,614
5378,500
5379,749
5380,439
5381,429
5382,580
5383,453
5384,188
5385,650
5386,583
5387,553
5388,909
5389,611
5390,791
5391,365
5392,610
5393,795
5394,617
5395,689
5396,516
5397,321
5398,559
5399,528
5400,794
5401,442
5402,909
5403,895
5404,445
5405,503
5406,820
5407,908
5408,552
5409,489
5410,590
5411,672
5412,461
5413,700
5414,272
5415,269
5416,524
5417,506
5418,485
5419,574
5420,488
5421,407
5422,482
5423,924
5424,536
5425,552
5426,614
5427,942
5428,441
5429,668
5430,688
5431,629
5432,317
5433,665
5434,289
5435,623
5436,702
5437,420
5438,773
5439,239
5440,775
5441,560
5442,425
5443,361
5444,887
5445,299
5446,412
5447,503
5448,635
5449,599
5450,353
5451,470
5452,439
5453,422
5454,536
5455,681
5456,425
5457,513
5458,526
5459,927
5460,889
5461,742
5462,441
5463,294
5464,486
5465,457
5466,581
5467,727
5468,786
5469,775
5470,510
5471,671
5472,484
5473,285
5474,679
5475,191
5476,535
5477,493
5478,675
5479,719
5480,479
5481,750
5482,473
5483,553
5484,694
5485,674
5486,953
5487,430
5488,657
5489,630
5490,840
5491,379
5492,710
5493,610
5494,461
5495,566
5496,496
5497,615
5498,814
5499,610
5500,641
5501,587
5502,272
5503,435
5504,574
5505,482
5506,399
5507,580
5508,490
5509,451
5510,562
5511,360
5512,854
5513,794
5514,683
5515,335
5516,725
5517,747
5518,720
5519,343
5520,648
5521,767
5522,614
5523,649
5524,559
5525,591
5526,246
5527,645
5528,309
5529,548
5530,472
5531,599
5532,360
5533,674
5534,738
5535,385
5536,333
5537,371
5538,803
5539,591
5540,563
5541,336
5542,651
5543,795
5544,762
5545,638
5546,302
5547,341
5548,269
5549,451
5550,362
5551,452
5552,523
5553,873
5554,630
5555,768
5556,684
5557,341
5558,700
5559,462
5560,645
5561,500
5562,993
5563,455
5564,464
5565,858
5566,228
5567,677
5568,693
5569,769
5570,923
5571,925
5572,290
5573,758
5574,649
5575,649
5576,356
5577,651
5578,940
5579,836
5580,550
5581,255
5582,511
5583,761
5584,679
5585,559
5586,277
5587,544
5588,564
5589,855
5590,646
5591,483
5592,590
5593,291
5594,919
5595,510
5596,568
5597,507
5598,669
5599,657
5600,687
5601,457
5602,486
5603,353
5604,654
5605,255
5606,624
5607,796
5608,815
5609,554
5610,559
5611,304
5612,662
5613,757
5614,443
5615,541
5616,771
5617,803
5618,442
5619,601
5620,407
5621,331
5622,836
5623,757
5624,715
5625,268
5626,774
5627,549
5628,500
5629,599
5630,320
5631,713
5632,616
5633,403
5634,404
5635,401
5636,280
5637,619
5638,772
5639,212
5640,269
5641,612
5642,756
5643,492
5644,504
5645,623
5646,461
5647,231
5648,699
5649,638
5650,616
5651,703
5652,665
5653,417
5654,506
5655,354
5656,357
5657,665
5658,787
5659,902
5660,639
5661,401
5662,335
5663,751
5664,615
5665,634
5666,729
5667,680
5668,767
5669,279
5670,707
5671,780
5672,468
5673,646
5674,485
5675,894
5676,244
5677,615
5678,388
5679,686
5680,395
5681,437
5682,576
5683,840
5684,421
5685,370
5686,714
5687,578
5688,836
5689,371
5690,649
5691,435
5692,380
5693,669
5694,622
5695,712
5696,482
5697,554
5698,533
5699,944
5700,472
5701,473
5702,507
5703,608
5704,448
5705,840
5706,456
5707,820
5708,332
5709,654
5710,831
5711,389
5712,911
5713,556
5714,877
5715,665
5716,477
5717,404
5718,479
5719,322
5720,369
5721,334
5722,542
5723,739
5724,367
5725,358
5726,647
5727,410
5728,327
5729,388
5730,850
5731,757
5732,507
5733,654
5734,595
5735,666
5736,669
5737,640
5738,456
5739,253
5740,558
5741,816
5742,610
5743,766
5744,966
5745,385
5746,674
5747,664
5748,934
5749,948
5750,671
5751,442
5752,741
5753,336
5754,729
5755,835
5756,522
5757,641
5758,545
5759,549
5760,482
5761,716
5762,864
5763,870
5764,394
5765,801
5766,701
5767,448
5768,293
5769,457
5770,837
5771,642
5772,691
5773,451
5774,690
5775,234
5776,518
5777,639
5778,371
5779,758
5780,436
5781,652
5782,533
5783,623
5784,336
5785,210
5786,834
5787,458
5788,756
5789,1007
5790,421
5791,456
5792,658
5793,906
5794,841
5795,579
5796,738
5797,362
5798,929
5799,905
5800,385
5801,476
5802,329
5803,460
5804,753
5805,519
5806,317
5807,500
5808,938
5809,640
5810,539
5811,388
5812,949
5813,757
5814,466
5815,296
5816,279
5817,349
5818,616
5819,855
5820,577
5821,774
5822,553
5823,683
5824,697
5825,393
5826,510
5827,644
5828,297
5829,511
5830,594
5831,985
5832,566
5833,753
5834,546
5835,739
5836,623
5837,811
5838,536
5839,627
5840,640
5841,539
5842,370
5843,322
5844,210
5845,799
5846,437
5847,421
5848,700
5849,488
5850,581
5851,384
5852,897
5853,781
5854,791
5855,534
5856,716
5857,369
5858,187
5859,218
5860,618
5861,558
5862,586
5863,183
5864,542
5865,689
5866,551
5867,698
5868,435
5869,751
5870,619
5871,420
5872,438
5873,639
5874,764
5875,538
5876,451
5877,794
5878,661
5879,554
5880,573
5881,415
5882,639
5883,509
5884,982
5885,569
5886,572
5887,608
5888,842
5889,742
5890,555
5891,689
5892,618
5893,575
5894,407
5895,562
5896,443
5897,840
5898,497
5899,886
5900,593
5901,641
5902,598
5903,357
5904,518
5905,328
5906,637
5907,553
5908,727
5909,427
5910,386
5911,534
5912,853
5913,685
5914,540
5915,586
5916,312
5917,945
5918,660
5919,468
5920,618
5921,338
5922,907
5923,394
5924,650
5925,443
5926,689
5927,726
5928,664
5929,632
5930,817
5931,306
5932,494
5933,445
5934,955
5935,525
5936,698
5937,670
5938,421
5939,439
5940,465
5941,536
5942,436
5943,217
5944,805
5945,907
5946,500
5947,498
5948,181
5949,667
5950,760
5951,371
5952,382
5953,735
5954,633
5955,262
5956,637
5957,482
5958,514
5959,721
5960,750
5961,531
5962,879
5963,534
5964,723
5965,571
5966,822
5967,832
5968,316
5969,865
5970,760
5971,736
5972,413
5973,745
5974,780
5975,470
5976,886
5977,270
5978,374
5979,595
5980,613
5981,648
5982,211
5983,898
5984,262
5985,369
5986,203
5987,609
5988,860
5989,659
5990,758
5991,201
5992,597
5993,559
5994,578
5995,299
5996,670
5997,580
5998,718
5999,571
6000,374
6001,650
6002,392
6003,798
6004,632
6005,380
6006,901
6007,586
6008,300
6009,639
6010,448
6011,744
6012,755
6013,932
6014,579
6015,557
6016,711
6017,359
6018,600
6019,599
6020,318
6021,539
6022,782
6023,785
6024,328
6025,319
6026,454
6027,801
6028,356
6029,690
6030,330
6031,637
6032,508
6033,734
6034,436
6035,645
6036,437
6037,686
6038,800
6039,354
6040,793
6041,622
6042,355
6043,544
6044,383
6045,679
6046,714
6047,335
6048,581
6049,752
6050,864
6051,584
6052,883
6053,594
6054,528
6055,778
6056,575
6057,565
6058,574
6059,777
6060,765
6061,532
6062,495
6063,574
6064,612
6065,439
6066,738
6067,572
6068,496
6069,336
6070,439
6071,882
6072,479
6073,389
6074,560
6075,481
6076,247
6077,490
6078,598
6079,602
6080,508
6081,554
6082,907
6083,519
6084,451
6085,442
6086,559
6087,715
6088,417
6089,684
6090,220
6091,540
6092,725
6093,498
6094,607
6095,416
6096,704
6097,273
6098,782
6099,411
6100,800
6101,506
6102,692
6103,488
6104,830
6105,354
6106,397
6107,575
6108,310
6109,410
6110,874
6111,927
6112,518
6113,849
6114,599
6115,458
6116,680
6117,656
6118,958
6119,456
6120,663
6121,273
6122,342
6123,167
6124,1009
6125,743
6126,733
6127,582
6128,477
6129,375
6130,467
6131,518
6132,713
6133,596
6134,305
6135,213
6136,331
6137,536
6138,861
6139,644
6140,743
6141,563
6142,511
6143,337
6144,802
6145,730
6146,389
6147,584
6148,572
6149,638
6150,877
6151,615
6152,596
6153,270
6154,287
6155,403
6156,242
6157,704
6158,692
6159,363
6160,768
6161,378
6162,477
6163,445
6164,516
6165,449
6166,573
6167,534
6168,951
6169,278
6170,368
6171,274
6172,638
6173,276
6174,769
6175,583
6176,590
6177,606
6178,391
6179,411
6180,487
6181,622
6182,420
6183,345
6184,915
6185,222
6186,744
6187,733
6188,475
6189,362
6190,371
6191,677
6192,647
6193,730
6194,866
6195,674
6196,379
6197,442
6198,773
6199,419
6200,299
6201,680
6202,532
6203,845
6204,651
6205,319
6206,880
6207,452
6208,498
6209,532
6210,272
6211,577
6212,351
6213,531
6214,505
6215,723
6216,744
6217,377
6218,513
6219,517
6220,375
6221,741
6222,683
6223,406
6224,513
6225,335
6226,639
6227,349
6228,949
6229,729
6230,526
6231,615
6232,836
6233,603
6234,394
6235,520
6236,774
6237,648
6238,651
6239,794
6240,818
6241,845
6242,324
6243,598
6244,703
6245,713
6246,628
6247,388
6248,740
6249,690
6250,315
6251,561
6252,393
6253,498
6254,213
6255,531
6256,601
6257,635
6258,658
6259,769
6260,423
6261,349
6262,781
6263,380
6264,923
6265,774
6266,578
6267,938
6268,326
6269,478
6270,645
6271,504
6272,855
6273,291
6274,601
6275,621
6276,652
6277,450
6278,512
6279,774
6280,409
6281,761
6282,607
6283,716
6284,686
6285,418
6286,610
6287,794
6288,546
6289,908
6290,556
6291,368
6292,525
6293,885
6294,488
6295,795
6296,806
6297,505
6298,311
6299,693
6300,483
6301,730
6302,551
6303,571
6304,727
6305,522
6306,552
6307,518
6308,514
6309,590
6310,748
6311,511
6312,589
6313,662
6314,458
6315,463
6316,861
6317,692
6318,614
6319,650
6320,237
6321,634
6322,582
6323,599
6324,510
6325,309
6326,408
6327,884
6328,535
6329,563
6330,274
6331,251
6332,689
6333,595
6334,582
6335,442
6336,705
6337,389
6338,405
6339,560
6340,468
6341,444
6342,648
6343,651
6344,760
6345,539
6346,300
6347,461
6348,934
6349,623
6350,684
6351,182
6352,586
6353,251
6354,610
6355,846
6356,912
6357,597
6358,559
6359,876
6360,664
6361,290
6362,562
6363,440
6364,564
6365,558
6366,616
6367,508
6368,386
6369,580
6370,764
6371,658
6372,498
6373,864
6374,837
6375,419
6376,254
6377,703
6378,762
6379,911
6380,814
6381,625
6382,592
6383,234
6384,444
6385,559
6386,640
6387,604
6388,704
6389,465
6390,608
6391,317
6392,537
6393,709
6394,675
6395,963
6396,463
6397,577
6398,493
6399,550
6400,785
6401,670
6402,808
6403,415
6404,799
6405,283
6406,813
6407,493
6408,485
6409,584
6410,870
6411,267
6412,506
6413,785
6414,529
6415,412
6416,543
6417,523
6418,840
6419,716
6420,580
6421,956
6422,562
6423,281
6424,454
6425,548
6426,380
6427,879
6428,719
6429,458
6430,621
6431,691
6432,871
6433,807
6434,585
6435,724
6436,607
6437,602
6438,343
6439,354
6440,591
6441,458
6442,220
6443,692
6444,242
6445,623
6446,596
6447,912
6448,571
6449,288
6450,602
6451,772
6452,988
6453,546
6454,488
6455,831
6456,406
6457,633
6458,533
6459,257
6460,503
6461,456
6462,671
6463,881
6464,457
6465,750
6466,277
6467,595
6468,297
6469,862
6470,719
6471,655
6472,759
6473,650
6474,912
6475,687
6476,851
6477,586
6478,346
6479,591
6480,354
6481,621
6482,570
6483,637
6484,191
6485,409
6486,574
6487,883
6488,522
6489,543
6490,687
6491,627
6492,476
6493,536
6494,425
6495,907
6496,358
6497,516
6498,230
6499,428
6500,728
6501,413
6502,308
6503,566
6504,191
6505,313
6506,747
6507,722
6508,840
6509,783
6510,669
6511,273
6512,730
6513,776
6514,741
6515,582
6516,435
6517,776
6518,694
6519,936
6520,379
6521,430
6522,421
6523,737
6524,403
6525,292
6526,1000
6527,228
6528,768
6529,513
6530,773
6531,603
6532,826
6533,852
6534,188
6535,302
6536,446
6537,661
6538,813
6539,560
6540,629
6541,404
6542,745
6543,910
6544,458
6545,576
6546,314
6547,605
6548,579
6549,370
6550,551
6551,496
6552,588
6553,618
6554,186
6555,716
6556,686
6557,513
6558,274
6559,712
6560,890
6561,440
6562,490
6563,401
6564,614
6565,378
6566,508
6567,677
6568,606
6569,524
6570,541
6571,607
6572,176
6573,306
6574,806
6575,305
6576,682
6577,845
6578,459
6579,515
6580,610
6581,807
6582,872
6583,702
6584,315
6585,661
6586,536
6587,565
6588,269
6589,406
6590,735
6591,557
6592,477
6593,522
6594,783
6595,708
6596,460
6597,346
6598,447
6599,846
6600,616
6601,593
6602,623
6603,513
6604,747
6605,589
6606,345
6607,356
6608,595
6609,865
6610,481
6611,796
6612,718
6613,445
6614,249
6615,331
6616,695
6617,412
6618,516
6619,579
6620,693
6621,342
6622,534
6623,571
6624,597
6625,755
6626,392
6627,747
6628,674
6629,604
6630,678
6631,537
6632,365
6633,659
6634,589
6635,645
6636,498
6637,831
6638,619
6639,314
6640,555
6641,713
6642,738
6643,576
6644,819
6645,457
6646,536
6647,823
6648,821
6649,670
6650,787
6651,317
6652,792
6653,488
6654,397
6655,439
6656,539
6657,447
6658,488
6659,362
6660,474
6661,612
6662,551
6663,503
6664,706
6665,818
6666,713
6667,495
6668,705
6669,376
6670,358
6671,502
6672,747
6673,444
6674,288
6675,359
6676,787
6677,642
6678,448
6679,603
6680,591
6681,654
6682,435
6683,792
6684,482
6685,675
6686,208
6687,516
6688,505
6689,598
6690,299
6691,735
6692,425
6693,666
6694,744
6695,607
6696,703
6697,657
6698,507
6699,748
6700,473
6701,611
6702,706
6703,520
6704,478
6705,559
6706,755
6707,857
6708,599
6709,657
6710,828
6711,328
6712,434
6713,684
6714,759
6715,785
6716,538
6717,318
6718,549
6719,434
6720,471
6721,723
6722,303
6723,762
6724,544
6725,623
6726,318
6727,498
6728,318
6729,900
6730,747
6731,560
6732,429
6733,861
6734,502
6735,383
6736,607
6737,874
6738,167
6739,438
6740,867
6741,391
6742,342
6743,611
6744,789
6745,568
6746,977
6747,667
6748,301
6749,970
6750,534
6751,469
6752,605
6753,479
6754,315
6755,152
6756,555
6757,769
6758,612
6759,1006
6760,469
6761,465
6762,382
6763,386
6764,468
6765,737
6766,830
6767,924
6768,435
6769,806
6770,493
6771,342
6772,796
6773,644
6774,386
6775,545
6776,469
6777,700
6778,557
6779,958
6780,277
6781,507
6782,570
6783,579
6784,486
6785,696
6786,801
6787,868
6788,745
6789,780
6790,601
6791,761
6792,479
6793,530
6794,486
6795,563
6796,468
6797,900
6798,484
6799,327
6800,590
6801,280
6802,339
6803,426
6804,562
6805,547
6806,742
6807,702
6808,544
6809,496
6810,486
6811,724
6812,273
6813,200
6814,739
6815,568
6816,358
6817,437
6818,860
6819,787
6820,684
6821,570
6822,587
6823,924
6824,907
6825,423
6826,750
6827,410
6828,422
6829,665
6830,533
6831,859
6832,318
6833,583
6834,844
6835,828
6836,380
6837,513
6838,635
6839,382
6840,911
6841,840
6842,388
6843,349
6844,314
6845,834
6846,408
6847,539
6848,554
6849,625
6850,298
6851,431
6852,859
6853,833
6854,729
6855,216
6856,492
6857,639
6858,462
6859,834
6860,642
6861,298
6862,833
6863,894
6864,305
6865,593
6866,478
6867,527
6868,398
6869,614
6870,894
6871,579
6872,311
6873,635
6874,499
6875,784
6876,548
6877,407
6878,406
6879,721
6880,456
6881,720
6882,417
6883,489
6884,562
6885,873
6886,859
6887,417
6888,509
6889,374
6890,583
6891,560
6892,825
6893,857
6894,522
6895,574
6896,821
6897,747
6898,166
6899,488
6900,541
6901,433
6902,412
6903,251
6904,647
6905,454
6906,273
6907,434
6908,743
6909,781
6910,570
6911,539
6912,930
6913,413
6914,423
6915,472
6916,392
6917,520
6918,835
6919,633
6920,536
6921,862
6922,268
6923,420
6924,608
6925,633
6926,254
6927,532
6928,650
6929,677
6930,645
6931,488
6932,322
6933,544
6934,356
6935,879
6936,567
6937,486
6938,719
6939,577
6940,482
6941,750
6942,794
6943,663
6944,266
6945,609
6946,717
6947,363
6948,432
6949,808
6950,218
6951,710
6952,566
6953,553
6954,181
6955,756
6956,510
6957,597
6958,666
6959,680
6960,891
6961,592
6962,530
6963,888
6964,647
6965,475
6966,354
6967,774
6968,511
6969,656
6970,565
6971,412
6972,626
6973,284
6974,537
6975,599
6976,548
6977,708
6978,762
6979,722
6980,253
6981,408
6982,595
6983,863
6984,768
6985,774
6986,478
6987,545
6988,565
6989,380
6990,240
6991,878
6992,440
6993,440
6994,311
6995,855
6996,615
6997,660
6998,836
6999,502
7000,636
7001,253
7002,403
7003,765
7004,719
7005,505
7006,519
7007,593
7008,137
7009,440
7010,418
7011,446
7012,746
7013,464
7014,406
7015,580
7016,793
7017,441
7018,306
7019,508
7020,707
7021,601
7022,754
7023,897
7024,737
7025,627
7026,575
7027,255
7028,945
7029,522
7030,376
7031,660
7032,467
7033,618
7034,619
7035,553
7036,769
7037,456
7038,554
7039,595
7040,658
7041,731
7042,528
7043,649
7044,375
7045,860
7046,522
7047,696
7048,218
7049,416
7050,572
7051,804
7052,590
7053,857
7054,571
7055,574
7056,348
7057,744
7058,444
7059,824
7060,835
7061,874
7062,587
7063,666
7064,727
7065,358
7066,626
7067,246
7068,577
7069,378
7070,400
7071,512
7072,547
7073,637
7074,301
7075,580
7076,400
7077,612
7078,644
7079,604
7080,701
7081,497
7082,718
7083,547
7084,571
7085,650
7086,214
7087,653
7088,634
7089,482
7090,314
7091,320
7092,849
7093,672
7094,355
7095,508
7096,621
7097,768
7098,261
7099,437
7100,814
7101,189
7102,413
7103,896
7104,632
7105,453
7106,292
7107,234
7108,443
7109,807
7110,538
7111,690
7112,843
7113,535
7114,406
7115,586
7116,833
7117,745
7118,291
7119,674
7120,611
7121,832
7122,351
7123,594
7124,805
7125,536
7126,570
7127,297
7128,464
7129,490
7130,876
7131,466
7132,560
7133,662
7134,384
7135,572
7136,701
7137,794
7138,638
7139,661
7140,354
7141,877
7142,360
7143,724
7144,455
7145,861
7146,690
7147,711
7148,426
7149,552
7150,634
7151,721
7152,333
7153,901
7154,815
7155,459
7156,758
7157,586
7158,561
7159,485
7160,616
7161,696
7162,536
7163,640
7164,678
7165,685
7166,273
7167,788
7168,559
7169,454
7170,441
7171,570
7172,812
7173,519
7174,708
7175,326
7176,567
7177,966
7178,722
7179,420
7180,579
7181,435
7182,535
7183,728
7184,722
7185,432
7186,848
7187,621
7188,520
7189,579
7190,628
7191,606
7192,572
7193,580
7194,395
7195,751
7196,597
7197,358
7198,719
7199,860
7200,879
7201,515
7202,362
7203,586
7204,341
7205,862
7206,401
7207,448
7208,534
7209,522
7210,738
7211,558
7212,391
7213,457
7214,582
7215,372
7216,631
7217,608
7218,687
7219,866
7220,837
7221,877
7222,443
7223,359
7224,478
7225,819
7226,918
7227,787
7228,339
7229,879
7230,542
7231,189
7232,551
7233,264
7234,598
7235,498
7236,566
7237,632
7238,795
7239,657
7240,547
7241,756
7242,830
7243,348
7244,593
7245,467
7246,266
7247,661
7248,790
7249,385
7250,751
7251,782
7252,839
7253,456
7254,828
7255,488
7256,602
7257,271
7258,261
7259,690
7260,552
7261,450
7262,406
7263,662
7264,140
7265,746
7266,307
7267,406
7268,524
7269,571
7270,507
7271,488
7272,904
7273,646
7274,225
7275,545
7276,801
7277,477
7278,323
7279,714
7280,628
7281,611
7282,275
7283,366
7284,637
7285,418
7286,580
7287,599
7288,467
7289,880
7290,773
7291,692
7292,305
7293,335
7294,575
7295,383
7296,931
7297,381
7298,572
7299,512
7300,645
7301,356
7302,546
7303,461
7304,812
7305,256
7306,838
7307,766
7308,475
7309,734
7310,240
7311,909
7312,590
7313,478
7314,511
7315,292
7316,958
7317,254
7318,653
7319,551
7320,881
7321,444
7322,593
7323,570
7324,680
7325,294
7326,408
7327,423
7328,701
7329,405
7330,612
7331,423
7332,789
7333,872
7334,586
7335,506
7336,436
7337,270
7338,458
7339,653
7340,593
7341,874
7342,529
7343,675
7344,573
7345,584
7346,457
7347,557
7348,565
7349,682
7350,870
7351,493
7352,258
7353,576
7354,598
7355,389
7356,715
7357,946
7358,877
7359,410
7360,801
7361,681
7362,557
7363,597
7364,779
7365,569
7366,517
7367,575
7368,615
7369,405
7370,825
7371,664
7372,642
7373,328
7374,627
7375,349
7376,306
7377,590
7378,532
7379,620
7380,318
7381,546
7382,394
7383,952
7384,606
7385,671
7386,491
7387,324
7388,926
7389,468
7390,542
7391,651
7392,228
7393,749
7394,595
7395,464
7396,286
7397,384
7398,819
7399,671
7400,446
7401,291
7402,673
7403,612
7404,533
7405,512
7406,424
7407,661
7408,916
7409,395
7410,624
7411,543
7412,553
7413,449
7414,760
7415,571
7416,598
7417,479
7418,399
7419,314
7420,687
7421,410
7422,673
7423,526
7424,538
7425,564
7426,514
7427,330
7428,482
7429,658
7430,659
7431,468
7432,560
7433,408
7434,420
7435,224
7436,821
7437,420
7438,431
7439,464
7440,355
7441,645
7442,302
7443,361
7444,648
7445,499
7446,683
7447,604
7448,450
7449,651
7450,345
7451,595
7452,549
7453,457
7454,627
7455,798
7456,1003
7457,629
7458,533
7459,430
7460,451
7461,569
7462,514
7463,839
7464,514
7465,517
7466,522
7467,769
7468,651
7469,632
7470,496
7471,755
7472,252
7473,797
7474,584
7475,530
7476,577
7477,660
7478,199
7479,798
7480,553
7481,501
7482,364
7483,550
7484,576
7485,532
7486,666
7487,541
7488,900
7489,625
7490,747
7491,338
7492,529
7493,497
7494,610
7495,789
7496,306
7497,299
7498,780
7499,421
7500,661
7501,598
7502,766
7503,353
7504,357
7505,604
7506,878
7507,538
7508,492
7509,628
7510,857
7511,769
7512,981
7513,223
7514,342
7515,630
7516,757
7517,468
7518,439
7519,733
7520,279
7521,515
7522,581
7523,606
7524,695
7525,507
7526,631
7527,618
7528,600
7529,646
7530,452
7531,313
7532,348
7533,429
7534,578
7535,772
7536,679
7537,734
7538,505
7539,533
7540,527
7541,407
7542,285
7543,621
7544,958
7545,388
7546,265
7547,728
7548,448
7549,764
7550,681
7551,877
7552,535
7553,657
7554,562
7555,641
7556,555
7557,404
7558,582
7559,591
7560,749
7561,700
7562,658
7563,342
7564,691
7565,578
7566,819
7567,845
7568,277
7569,757
7570,251
7571,514
7572,597
7573,373
7574,706
7575,186
7576,389
7577,616
7578,687
7579,842
7580,682
7581,663
7582,528
7583,150
7584,348
7585,594
7586,664
7587,539
7588,697
7589,588
7590,301
7591,407
7592,772
7593,693
7594,819
7595,346
7596,961
7597,419
7598,197
7599,992
7600,465
7601,661
7602,395
7603,615
7604,828
7605,488
7606,662
7607,404
7608,638
7609,497
7610,420
7611,484
7612,397
7613,826
7614,529
7615,443
7616,554
7617,488
7618,705
7619,917
7620,549
7621,789
7622,608
7623,380
7624,673
7625,584
7626,651
7627,814
7628,550
7629,825
7630,709
7631,573
7632,627
7633,491
7634,943
7635,660
7636,261
7637,492
7638,637
7639,279
7640,226
7641,555
7642,495
7643,549
7644,454
7645,386
7646,672
7647,585
7648,413
7649,488
7650,621
7651,299
7652,372
7653,300
7654,751
7655,710
7656,711
7657,688
7658,661
7659,568
7660,647
7661,252
7662,636
7663,727
7664,578
7665,509
7666,463
7667,647
7668,674
7669,797
7670,500
7671,721
7672,606
7673,808
7674,591
7675,586
7676,614
7677,708
7678,905
7679,300
7680,275
7681,866
7682,592
7683,633
7684,570
7685,323
7686,720
7687,707
7688,483
7689,480
7690,770
7691,299
7692,806
7693,450
7694,622
7695,864
7696,666
7697,538
7698,673
7699,501
7700,463
7701,987
7702,709
7703,648
7704,507
7705,269
7706,240
7707,603
7708,716
7709,595
7710,772
7711,244
7712,513
7713,438
7714,554
7715,299
7716,889
7717,429
7718,848
7719,543
7720,948
7721,603
7722,858
7723,174
7724,707
7725,827
7726,366
7727,325
7728,543
7729,861
7730,597
7731,590
7732,367
7733,145
7734,749
7735,316
7736,642
7737,839
7738,419
7739,659
7740,306
7741,627
7742,385
7743,700
7744,477
7745,561
7746,625
7747,391
7748,703
7749,478
7750,657
7751,381
7752,672
7753,356
7754,543
7755,444
7756,708
7757,454
7758,807
7759,816
7760,410
7761,632
7762,316
7763,526
7764,686
7765,656
7766,638
7767,466
7768,519
7769,332
7770,690
7771,580
7772,684
7773,445
7774,490
7775,496
7776,230
7777,500
7778,744
7779,822
7780,586
7781,558
7782,239
7783,805
7784,200
7785,875
7786,573
7787,500
7788,850
7789,227
7790,616
7791,600
7792,426
7793,545
7794,652
7795,694
7796,145
7797,865
7798,386
7799,435
7800,455
7801,251
7802,351
7803,950
7804,485
7805,344
7806,336
7807,690
7808,783
7809,451
7810,220
7811,428
7812,279
7813,332
7814,546
7815,433
7816,585
7817,448
7818,870
7819,830
7820,609
7821,507
7822,521
7823,536
7824,695
7825,556
7826,785
7827,875
7828,497
7829,606
7830,324
7831,413
7832,537
7833,417
7834,802
7835,381
7836,558
7837,628
7838,674
7839,522
7840,796
7841,610
7842,550
7843,293
7844,562
7845,757
7846,632
7847,765
7848,575
7849,347
7850,202
7851,478
7852,677
7853,735
7854,474
7855,576
7856,541
7857,536
7858,434
7859,363
7860,410
7861,277
7862,411
7863,189
7864,639
7865,486
7866,920
7867,408
7868,502
7869,509
7870,186
7871,771
7872,241
7873,869
7874,817
7875,594
7876,598
7877,653
7878,524
7879,649
7880,262
7881,276
7882,558
7883,601
7884,813
7885,334
7886,758
7887,420
7888,528
7889,486
7890,531
7891,375
7892,580
7893,743
7894,551
7895,574
7896,779
7897,682
7898,574
7899,451
7900,810
7901,614
7902,427
7903,458
7904,744
7905,261
7906,967
7907,358
7908,739
7909,528
7910,575
7911,806
7912,537
7913,595
7914,269
7915,158
7916,443
7917,667
7918,349
7919,342
7920,536
7921,650
7922,686
7923,397
7924,307
7925,870
7926,453
7927,782
7928,791
7929,723
7930,389
7931,758
7932,721
7933,623
7934,498
7935,454
7936,350
7937,582
7938,618
7939,509
7940,567
7941,512
7942,646
7943,826
7944,385
7945,521
7946,367
7947,638
7948,696
7949,859
7950,464
7951,883
7952,288
7953,627
7954,280
7955,818
7956,592
7957,661
7958,765
7959,375
7960,253
7961,804
7962,485
7963,356
7964,564
7965,624
7966,240
7967,462
7968,243
7969,541
7970,819
7971,941
7972,644
7973,384
7974,830
7975,585
7976,377
7977,847
7978,713
7979,697
7980,684
7981,413
7982,420
7983,672
7984,426
7985,550
7986,729
7987,731
7988,557
7989,736
7990,770
7991,653
7992,432
7993,461
7994,485
7995,345
7996,461
7997,419
7998,557
7999,833
8000,333
8001,690
8002,671
8003,325
8004,848
8005,610
8006,512
8007,713
8008,451
8009,675
8010,254
8011,771
8012,554
8013,644
8014,427
8015,666
8016,723
8017,566
8018,634
8019,558
8020,819
8021,577
8022,773
8023,743
8024,536
8025,433
8026,534
8027,761
8028,432
8029,589
8030,746
8031,506
8032,647
8033,443
8034,338
8035,738
8036,328
8037,459
8038,784
8039,503
8040,920
8041,934
8042,458
8043,256
8044,681
8045,555
8046,330
8047,683
8048,240
8049,797
8050,365
8051,355
8052,395
8053,898
8054,675
8055,743
8056,529
8057,497
8058,436
8059,569
8060,602
8061,641
8062,451
8063,881
8064,390
8065,907
8066,205
8067,569
8068,495
8069,555
8070,611
8071,548
8072,538
8073,698
8074,670
8075,766
8076,446
8077,630
8078,618
8079,515
8080,572
8081,484
8082,367
8083,422
8084,334
8085,669
8086,657
8087,884
8088,696
8089,273
8090,809
8091,790
8092,552
8093,618
8094,926
8095,593
8096,830
8097,311
8098,406
8099,551
8100,618
8101,753
8102,955
8103,525
8104,266
8105,743
8106,627
8107,411
8108,576
8109,704
8110,722
8111,578
8112,480
8113,921
8114,658
8115,535
8116,465
8117,697
8118,441
8119,392
8120,592
8121,471
8122,640
8123,346
8124,653
8125,467
8126,137
8127,355
8128,861
8129,794
8130,435
8131,727
8132,629
8133,916
8134,517
8135,668
8136,288
8137,529
8138,904
8139,596
8140,469
8141,348
8142,681
8143,648
8144,517
8145,884
8146,222
8147,479
8148,847
8149,488
8150,448
8151,594
8152,759
8153,332
8154,873
8155,738
8156,399
8157,685
8158,523
8159,532
8160,730
8161,902
8162,354
8163,541
8164,569
8165,518
8166,512
8167,273
8168,670
8169,548
8170,409
8171,753
8172,744
8173,572
8174,476
8175,645
8176,470
8177,437
8178,697
8179,255
8180,324
8181,180
8182,377
8183,295
8184,983
8185,470
8186,374
8187,440
8188,864
8189,587
8190,512
8191,799
8192,528
8193,496
8194,418
8195,519
8196,486
8197,666
8198,470
8199,614
8200,291
8201,406
8202,534
8203,865
8204,519
8205,658
8206,449
8207,355
8208,282
8209,480
8210,381
8211,393
8212,715
8213,208
8214,605
8215,520
8216,581
8217,607
8218,484
8219,474
8220,698
8221,798
8222,407
8223,327
8224,822
8225,504
8226,602
8227,510
8228,354
8229,620
8230,589
8231,415
8232,556
8233,740
8234,620
8235,326
8236,600
8237,680
8238,737
8239,640
8240,376
8241,684
8242,666
8243,227
8244,536
8245,495
8246,661
8247,424
8248,621
8249,838
8250,740
8251,847
8252,931
8253,193
8254,637
8255,537
8256,788
8257,447
8258,937
8259,632
8260,737
8261,314
8262,400
8263,714
8264,222
8265,754
8266,203
8267,655
8268,513
8269,631
8270,676
8271,500
8272,337
8273,296
8274,620
8275,587
8276,704
8277,582
8278,542
8279,530
8280,231
8281,497
8282,926
8283,800
8284,493
8285,619
8286,777
8287,551
8288,213
8289,301
8290,583
8291,913
8292,675
8293,297
8294,405
8295,722
8296,773
8297,634
8298,648
8299,235
8300,763
8301,734
8302,452
8303,684
8304,423
8305,255
8306,413
8307,397
8308,498
8309,540
8310,582
8311,567
8312,459
8313,236
8314,628
8315,528
8316,476
8317,794
8318,707
8319,786
8320,576
8321,358
8322,676
8323,417
8324,551
8325,290
8326,760
8327,354
8328,827
8329,791
8330,562
8331,705
8332,635
8333,744
8334,546
8335,732
8336,561
8337,870
8338,572
8339,561
8340,731
8341,757
8342,603
8343,398
8344,563
8345,911
8346,710
8347,750
8348,243
8349,563
8350,649
8351,764
8352,269
8353,782
8354,600
8355,411
8356,486
8357,466
8358,592
8359,272
8360,381
8361,751
8362,360
8363,435
8364,557
8365,586
8366,717
8367,554
8368,735
8369,634
8370,342
8371,379
8372,549
8373,529
8374,705
8375,616
8376,524
8377,391
8378,431
8379,613
8380,542
8381,585
8382,391
8383,658
8384,782
8385,451
8386,574
8387,925
8388,495
8389,623
8390,319
8391,628
8392,318
8393,896
8394,688
8395,734
8396,681
8397,620
8398,555
8399,786
8400,893
8401,578
8402,859
8403,617
8404,596
8405,557
8406,419
8407,166
8408,441
8409,582
8410,520
8411,554
8412,936
8413,505
8414,556
8415,360
8416,267
8417,725
8418,611
8419,715
8420,374
8421,611
8422,448
8423,432
8424,196
8425,358
8426,482
8427,345
8428,949
8429,482
8430,358
8431,412
8432,619
8433,289
8434,790
8435,900
8436,444
8437,555
8438,222
8439,646
8440,537
8441,459
8442,417
8443,653
8444,539
8445,398
8446,672
8447,608
8448,787
8449,346
8450,732
8451,664
8452,344
8453,676
8454,551
8455,876
8456,367
8457,647
8458,521
8459,893
8460,494
8461,901
8462,826
8463,459
8464,744
8465,982
8466,448
8467,549
8468,587
8469,474
8470,206
8471,426
8472,466
8473,552
8474,391
8475,799
8476,681
8477,313
8478,651
8479,653
8480,892
8481,163
8482,445
8483,854
8484,859
8485,691
8486,719
8487,320
8488,584
8489,434
8490,399
8491,749
8492,362
8493,564
8494,867
8495,402
8496,930
8497,976
8498,604
8499,390
8500,486
8501,543
8502,482
8503,465
8504,919
8505,377
8506,698
8507,140
8508,623
8509,841
8510,469
8511,402
8512,652
8513,686
8514,672
8515,488
8516,448
8517,891
8518,849
8519,558
8520,776
8521,556
8522,543
8523,380
8524,544
8525,595
8526,223
8527,552
8528,729
8529,667
8530,643
8531,834
8532,213
8533,604
8534,733
8535,597
8536,490
8537,363
8538,812
8539,565
8540,804
8541,618
8542,664
8543,745
8544,656
8545,530
8546,584
8547,744
8548,517
8549,524
8550,325
8551,839
8552,320
8553,650
8554,537
8555,533
8556,667
8557,293
8558,622
8559,723
8560,762
8561,391
8562,822
8563,654
8564,807
8565,571
8566,597
8567,844
8568,824
8569,554
8570,461
8571,527
8572,524
8573,469
8574,458
8575,789
8576,296
8577,666
8578,392
8579,502
8580,286
8581,459
8582,720
8583,810
8584,427
8585,561
8586,565
8587,800
8588,717
8589,584
8590,662
8591,777
8592,190
8593,532
8594,832
8595,703
8596,598
8597,591
8598,503
8599,587
8600,654
8601,540
8602,687
8603,789
8604,378
8605,556
8606,535
8607,671
8608,446
8609,646
8610,803
8611,540
8612,836
8613,971
8614,335
8615,435
8616,883
8617,895
8618,327
8619,206
8620,383
8621,984
8622,398
8623,579
8624,778
8625,219
8626,627
8627,463
8628,790
8629,467
8630,671
8631,664
8632,427
8633,246
8634,535
8635,470
8636,748
8637,742
8638,558
8639,628
8640,627
8641,762
8642,543
8643,462
8644,456
8645,595
8646,555
8647,550
8648,320
8649,689
8650,422
8651,410
8652,537
8653,432
8654,617
8655,516
8656,554
8657,595
8658,415
8659,379
8660,806
8661,547
8662,537
8663,248
8664,577
8665,603
8666,605
8667,683
8668,396
8669,448
8670,749
8671,879
8672,362
8673,577
8674,422
8675,284
8676,491
8677,369
8678,684
8679,593
8680,369
8681,189
8682,748
8683,395
8684,628
8685,497
8686,618
8687,486
8688,315
8689,428
8690,404
8691,544
8692,655
8693,455
8694,198
8695,587
8696,628
8697,902
8698,620
8699,565
8700,612
8701,854
8702,763
8703,490
8704,438
8705,454
8706,580
8707,705
8708,580
8709,293
8710,692
8711,746
8712,470
8713,658
8714,544
8715,814
8716,776
8717,590
8718,674
8719,808
8720,576
8721,484
8722,711
8723,426
8724,525
8725,793
8726,693
8727,532
8728,423
8729,508
8730,467
8731,395
8732,704
8733,447
8734,557
8735,523
8736,939
8737,526
8738,308
8739,318
8740,621
8741,625
8742,540
8743,546
8744,275
8745,586
8746,580
8747,374
8748,333
8749,351
8750,330
8751,630
8752,410
8753,447
8754,393
8755,894
8756,783
8757,433
8758,492
8759,419
8760,574
8761,217
8762,662
8763,589
8764,823
8765,386
8766,745
8767,736
8768,355
8769,530
8770,390
8771,449
8772,454
8773,604
8774,536
8775,879
8776,354
8777,921
8778,434
8779,723
8780,498
8781,369
8782,786
8783,482
8784,656
8785,609
8786,565
8787,576
8788,698
8789,316
8790,661
8791,820
8792,281
8793,366
8794,688
8795,549
8796,532
8797,363
8798,581
8799,354
8800,567
8801,717
8802,451
8803,569
8804,967
8805,671
8806,773
8807,538
8808,720
8809,256
8810,351
8811,415
8812,531
8813,776
8814,502
8815,653
8816,684
8817,618
8818,508
8819,614
8820,500
8821,312
8822,970
8823,355
8824,299
8825,804
8826,478
8827,651
8828,493
8829,526
8830,454
8831,501
8832,536
8833,690
8834,583
8835,874
8836,258
8837,579
8838,617
8839,846
8840,269
8841,612
8842,783
8843,441
8844,802
8845,215
8846,698
8847,861
8848,655
8849,550
8850,262
8851,845
8852,564
8853,236
8854,673
8855,570
8856,352
8857,422
8858,289
8859,613
8860,636
8861,581
8862,754
8863,789
8864,633
8865,199
8866,676
8867,539
8868,608
8869,650
8870,505
8871,842
8872,361
8873,662
8874,170
8875,851
8876,341
8877,324
8878,495
8879,517
8880,422
8881,618
8882,552
8883,245
8884,488
8885,749
8886,673
8887,693
8888,677
8889,483
8890,329
8891,460
8892,765
8893,935
8894,575
8895,190
8896,366
8897,489
8898,615
8899,302
8900,874
8901,513
8902,837
8903,728
8904,712
8905,628
8906,639
8907,645
8908,640
8909,603
8910,950
8911,698
8912,726
8913,799
8914,423
8915,312
8916,570
8917,584
8918,763
8919,552
8920,611
8921,590
8922,252
8923,633
8924,762
8925,380
8926,622
8927,622
8928,386
8929,351
8930,935
8931,527
8932,431
8933,391
8934,660
8935,630
8936,647
8937,317
8938,818
8939,525
8940,484
8941,561
8942,525
8943,791
8944,856
8945,479
8946,791
8947,729
8948,858
8949,443
8950,614
8951,461
8952,759
8953,174
8954,608
8955,499
8956,489
8957,648
8958,781
8959,630
8960,782
8961,455
8962,587
8963,555
8964,196
8965,604
8966,657
8967,621
8968,700
8969,611
8970,292
8971,345
8972,623
8973,462
8974,307
8975,545
8976,603
8977,493
8978,690
8979,648
8980,495
8981,712
8982,650
8983,644
8984,603
8985,196
8986,676
8987,518
8988,873
8989,755
8990,619
8991,447
8992,415
8993,499
8994,567
8995,474
8996,585
8997,387
8998,929
8999,337
9000,859
9001,838
9002,590
9003,693
9004,548
9005,640
9006,499
9007,477
9008,614
9009,577
9010,615
9011,469
9012,514
9013,312
9014,273
9015,448
9016,301
9017,333
9018,751
9019,253
9020,656
9021,460
9022,798
9023,571
9024,480
9025,586
9026,521
9027,608
9028,343
9029,989
9030,543
9031,504
9032,684
9033,512
9034,766
9035,557
9036,690
9037,336
9038,776
9039,700
9040,421
9041,370
9042,486
9043,926
9044,450
9045,558
9046,238
9047,529
9048,611
9049,887
9050,586
9051,756
9052,600
9053,256
9054,485
9055,613
9056,883
9057,787
9058,432
9059,426
9060,413
9061,848
9062,782
9063,725
9064,527
9065,580
9066,562
9067,448
9068,580
9069,239
9070,359
9071,811
9072,710
9073,542
9074,586
9075,515
9076,703
9077,731
9078,717
9079,692
9080,416
9081,498
9082,564
9083,494
9084,712
9085,493
9086,364
9087,530
9088,934
9089,430
9090,631
9091,547
9092,297
9093,573
9094,680
9095,584
9096,798
9097,470
9098,315
9099,865
9100,519
9101,614
9102,736
9103,490
9104,688
9105,362
9106,471
9107,370
9108,750
9109,428
9110,689
9111,874
9112,591
9113,596
9114,560
9115,491
9116,567
9117,627
9118,949
9119,866
9120,790
9121,814
9122,563
9123,655
9124,819
9125,527
9126,900
9127,538
9128,626
9129,684
9130,883
9131,443
9132,706
9133,587
9134,458
9135,726
9136,602
9137,657
9138,490
9139,570
9140,634
9141,533
9142,411
9143,900
9144,583
9145,699
9146,536
9147,507
9148,534
9149,535
9150,598
9151,598
9152,577
9153,361
9154,576
9155,390
9156,354
9157,860
9158,628
9159,656
9160,531
9161,833
9162,644
9163,721
9164,514
9165,898
9166,757
9167,783
9168,392
9169,459
9170,468
9171,459
9172,784
9173,241
9174,303
9175,461
9176,412
9177,434
9178,740
9179,607
9180,176
9181,545
9182,534
9183,343
9184,665
9185,680
9186,691
9187,695
9188,132
9189,888
9190,752
9191,828
9192,207
9193,862
9194,749
9195,769
9196,322
9197,702
9198,897
9199,666
9200,611
9201,877
9202,552
9203,625
9204,567
9205,860
9206,303
9207,579
9208,671
9209,736
9210,617
9211,833
9212,872
9213,289
9214,532
9215,225
9216,493
9217,595
9218,835
9219,777
9220,355
9221,322
9222,620
9223,593
9224,456
9225,824
9226,854
9227,532
9228,815
9229,522
9230,700
9231,567
9232,351
9233,854
9234,557
9235,699
9236,514
9237,215
9238,330
9239,576
9240,673
9241,496
9242,676
9243,678
9244,681
9245,575
9246,840
9247,573
9248,555
9249,412
9250,481
9251,259
9252,642
9253,445
9254,479
9255,722
9256,492
9257,441
9258,389
9259,725
9260,357
9261,557
9262,581
9263,671
9264,642
9265,749
9266,262
9267,474
9268,465
9269,371
9270,470
9271,482
9272,588
9273,658
9274,521
9275,690
9276,497
9277,471
9278,597
9279,226
9280,307
9281,539
9282,873
9283,691
9284,317
9285,777
9286,698
9287,631
9288,756
9289,533
9290,427
9291,583
9292,600
9293,596
9294,608
9295,881
9296,827
9297,801
9298,743
9299,874
9300,327
9301,456
9302,576
9303,777
9304,580
9305,707
9306,365
9307,448
9308,697
9309,386
9310,505
9311,455
9312,504
9313,683
9314,514
9315,603
9316,329
9317,745
9318,515
9319,650
9320,693
9321,419
9322,810
9323,633
9324,545
9325,400
9326,872
9327,712
9328,418
9329,498
9330,749
9331,676
9332,719
9333,551
9334,688
9335,524
9336,420
9337,642
9338,926
9339,483
9340,560
9341,664
9342,597
9343,774
9344,716
9345,281
9346,998
9347,710
9348,791
9349,651
9350,785
9351,341
9352,503
9353,802
9354,414
9355,306
9356,734
9357,768
9358,384
9359,783
9360,671
9361,587
9362,764
9363,540
9364,408
9365,468
9366,580
9367,592
9368,746
9369,736
9370,616
9371,729
9372,407
9373,270
9374,800
9375,303
9376,444
9377,676
9378,535
9379,802
9380,475
9381,197
9382,477
9383,614
9384,518
9385,594
9386,802
9387,837
9388,456
9389,561
9390,601
9391,881
9392,1000
9393,437
9394,694
9395,519
9396,185
9397,189
9398,560
9399,573
9400,223
9401,671
9402,473
9403,606
9404,477
9405,388
9406,534
9407,435
9408,594
9409,412
9410,582
9411,380
9412,662
9413,711
9414,339
9415,563
9416,297
9417,624
9418,455
9419,591
9420,586
9421,850
9422,601
9423,617
9424,531
9425,881
9426,726
9427,468
9428,775
9429,547
9430,763
9431,758
9432,404
9433,679
9434,471
9435,475
9436,474
9437,694
9438,433
9439,147
9440,687
9441,391
9442,333
9443,438
9444,520
9445,567
9446,262
9447,915
9448,688
9449,490
9450,487
9451,554
9452,638
9453,371
9454,404
9455,787
9456,450
9457,520
9458,797
9459,658
9460,500
9461,669
9462,217
9463,700
9464,572
9465,751
9466,889
9467,852
9468,834
9469,584
9470,510
9471,562
9472,673
9473,809
9474,417
9475,843
9476,753
9477,932
9478,806
9479,465
9480,335
9481,341
9482,471
9483,632
9484,745
9485,824
9486,637
9487,175
9488,403
9489,329
9490,512
9491,579
9492,260
9493,504
9494,397
9495,649
9496,562
9497,576
9498,544
9499,891
9500,423
9501,586
9502,700
9503,604
9504,856
9505,519
9506,561
9507,317
9508,630
9509,470
9510,383
9511,598
9512,593
9513,303
9514,677
9515,637
9516,405
9517,564
9518,690
9519,591
9520,528
9521,489
9522,630
9523,868
9524,663
9525,302
9526,560
9527,815
9528,323
9529,957
9530,881
9531,306
9532,861
9533,511
9534,775
9535,540
9536,551
9537,643
9538,724
9539,245
9540,622
9541,403
9542,502
9543,503
9544,564
9545,496
9546,336
9547,371
9548,244
9549,564
9550,889
9551,344
9552,877
9553,698
9554,644
9555,648
9556,761
9557,336
9558,580
9559,677
9560,619
9561,766
9562,299
9563,673
9564,594
9565,520
9566,499
9567,636
9568,816
9569,576
9570,760
9571,532
9572,331
9573,286
9574,272
9575,520
9576,498
9577,689
9578,704
9579,271
9580,427
9581,461
9582,600
9583,370
9584,361
9585,874
9586,745
9587,398
9588,534
9589,507
9590,736
9591,583
9592,355
9593,702
9594,529
9595,454
9596,518
9597,577
9598,501
9599,441
9600,530
9601,216
9602,723
9603,391
9604,261
9605,653
9606,724
9607,752
9608,575
9609,416
9610,701
9611,678
9612,444
9613,828
9614,333
9615,941
9616,788
9617,672
9618,868
9619,692
9620,406
9621,551
9622,298
9623,525
9624,703
9625,524
9626,494
9627,623
9628,798
9629,266
9630,523
9631,381
9632,676
9633,335
9634,659
9635,468
9636,412
9637,865
9638,214
9639,549
9640,221
9641,571
9642,579
9643,489
9644,359
9645,518
9646,663
9647,730
9648,592
9649,620
9650,413
9651,469
9652,384
9653,446
9654,430
9655,587
9656,607
9657,876
9658,409
9659,646
9660,754
9661,606
9662,449
9663,454
9664,254
9665,480
9666,705
9667,266
9668,426
9669,682
9670,730
9671,557
9672,677
9673,524
9674,382
9675,530
9676,615
9677,880
9678,295
9679,581
9680,493
9681,582
9682,226
9683,484
9684,756
9685,603
9686,555
9687,468
9688,475
9689,522
9690,768
9691,909
9692,550
9693,527
9694,777
9695,544
9696,602
9697,434
9698,704
9699,593
9700,748
9701,729
9702,423
9703,688
9704,742
9705,502
9706,392
9707,160
9708,555
9709,506
9710,603
9711,404
9712,788
9713,451
9714,431
9715,569
9716,578
9717,423
9718,460
9719,390
9720,689
9721,721
9722,561
9723,687
9724,700
9725,364
9726,908
9727,757
9728,416
9729,402
9730,353
9731,365
9732,707
9733,564
9734,730
9735,706
9736,627
9737,671
9738,214
9739,483
9740,644
9741,189
9742,243
9743,781
9744,669
9745,456
9746,672
9747,737
9748,480
9749,248
9750,860
9751,502
9752,335
9753,574
9754,720
9755,427
9756,458
9757,441
9758,966
9759,411
9760,613
9761,851
9762,372
9763,916
9764,879
9765,809
9766,423
9767,642
9768,715
9769,949
9770,398
9771,719
9772,498
9773,395
9774,541
9775,737
9776,562
9777,595
9778,980
9779,530
9780,633
9781,513
9782,527
9783,676
9784,867
9785,597
9786,720
9787,318
9788,420
9789,579
9790,218
9791,448
9792,586
9793,205
9794,455
9795,584
9796,612
9797,852
9798,648
9799,538
9800,857
9801,731
9802,412
9803,358
9804,665
9805,606
9806,735
9807,702
9808,638
9809,950
9810,593
9811,342
9812,762
9813,447
9814,726
9815,893
9816,677
9817,623
9818,560
9819,512
9820,506
9821,644
9822,709
9823,666
9824,411
9825,575
9826,736
9827,567
9828,595
9829,722
9830,657
9831,535
9832,820
9833,384
9834,981
9835,347
9836,205
9837,815
9838,443
9839,696
9840,750
9841,787
9842,966
9843,473
9844,684
9845,344
9846,534
9847,778
9848,514
9849,621
9850,580
9851,649
9852,920
9853,278
9854,612
9855,790
9856,570
9857,306
9858,606
9859,495
9860,378
9861,779
9862,588
9863,861
9864,746
9865,674
9866,173
9867,544
9868,411
9869,835
9870,394
9871,468
9872,586
9873,455
9874,419
9875,625
9876,318
9877,281
9878,516
9879,691
9880,603
9881,542
9882,608
9883,513
9884,864
9885,277
9886,664
9887,816
9888,745
9889,401
9890,474
9891,688
9892,312
9893,750
9894,690
9895,696
9896,329
9897,689
9898,667
9899,764
9900,257
9901,224
9902,517
9903,373
9904,605
9905,842
9906,526
9907,775
9908,137
9909,389
9910,239
9911,493
9912,833
9913,326
9914,628
9915,556
9916,867
9917,351
9918,421
9919,237
9920,547
9921,463
9922,796
9923,628
9924,632
9925,593
9926,321
9927,553
9928,1009
9929,768
9930,818
9931,759
9932,332
9933,431
9934,163
9935,479
9936,337
9937,566
9938,666
9939,800
9940,708
9941,867
9942,275
9943,198
9944,657
9945,470
9946,448
9947,494
9948,458
9949,583
9950,550
9951,584
9952,663
9953,524
9954,447
9955,387
9956,504
9957,703
9958,713
9959,660
9960,436
9961,619
9962,611
9963,571
9964,601
9965,574
9966,608
9967,688
9968,338
9969,708
9970,362
9971,292
9972,926
9973,893
9974,284
9975,552
9976,402
9977,571
9978,764
9979,884
9980,643
9981,507
9982,627
9983,483
9984,834
9985,797
9986,605
9987,491
9988,473
9989,244
9990,753
9991,555
9992,491
9993,565
9994,755
9995,352
9996,786
9997,822
9998,878
9999,529
10000,424
